"1인당 국내총생산(명목, 원화)(만원) (Seoul)","1인당 국내총생산(명목, 원화)(만원)","1인당 국민총소득(명목, 원화)(만원) (Seoul)","1인당 국민총소득(명목, 원화)(만원)",코스피대비강남구주택매매가격지수,코스피대비경북집값,코스피대비경남집값,코스피대비인천집값,코스피대비집값,서울코스피대비집값,국내총생산대비집값,국민총소득대비집값,소비자물가지수대비 전국부동산가격,한국대출금리대비집값,Date (seoul),Date,F58,레코드 수,Idx (Seoul),Idx,강남구주택매매가격지수,강동구주택매매가격지수,강북구주택매매가격지수,강서구주택매매가격지수,강원도 (Seoul),강원도,건설업 (Seoul),건설업,경기도 (Seoul),경기도,경상남도 (Seoul),경상남도,경상북도 (Seoul),경상북도,관악구주택매매가격지수,광주광역시 (Seoul),광주광역시,광진구주택매매가격지수,구로구주택매매가격지수,금융업 (Seoul),금융업,금천구주택매매가격지수,기계 (Seoul),기계,노원구주택매매가격지수,대구광역시 (Seoul),대구광역시,대전광역시 (Seoul),대전광역시,도봉구주택매매가격지수,동대문구주택매매가격지수,동작구주택매매가격지수,마포구주택매매가격지수,미국대출금리 (Seoul),미국대출금리,보험 (Seoul),보험,부산광역시 (Seoul),부산광역시,비금속광물 (Seoul),비금속광물,서대문구주택매매가격지수,서비스업 (Seoul),서비스업,서울부동산소비심리지수 (Seoul),서울부동산소비심리지수,서울주택매매가격지수,서울특별시 (Seoul),서울특별시,서초구주택매매가격지수,섬유의복 (Seoul),섬유의복,성동구주택매매가격지수,성북구주택매매가격지수,소비자물가지수 (Seoul),소비자물가지수,송파구주택매매가격지수,실업률 (Seoul),실업률,양천구주택매매가격지수,엔원환율 (Seoul),엔원환율,영등포구주택매매가격지수,용산구주택매매가격지수,운수장비 (Seoul),운수장비,운수창고업 (Seoul),운수창고업,울산광역시 (Seoul),울산광역시,원달러환율 (Seoul),원달러환율,유통업 (Seoul),유통업,은평구주택매매가격지수,은행 (Seoul),은행,음식료품 (Seoul),음식료품,의료정밀 (Seoul),의료정밀,의약품 (Seoul),의약품,이혼율(남편) (Seoul),이혼율(남편),이혼율(아내) (Seoul),이혼율(아내),인천광역시 (Seoul),인천광역시,재산세 부과액 (Seoul),재산세 부과액,전국 (Seoul),전국 (그룹),전국,전국부동산소비심리지수 (Seoul),전국부동산소비심리지수,전기가스업 (Seoul),전기가스업,전기전자 (Seoul),전기전자,전년대비 재산세부과액 증가율 (Seoul),전년대비 재산세부과액 증가율,전라남도 (Seoul),전라남도,전라북도 (Seoul),전라북도,제조업 (Seoul),제조업,제주특별자치도 (Seoul),제주특별자치도,종로구주택매매가격지수,종이목재 (Seoul),종이목재,중구주택매매가격지수,중랑구주택매매가격지수,증권 (Seoul),증권,철강금속 (Seoul),철강금속,출산율 (Seoul),출산율,충청남도 (Seoul),충청남도,충청북도 (Seoul),충청북도,코스피지수평균 (Seoul),코스피지수평균,통신업 (Seoul),통신업,한국대출금리 (Seoul),한국대출금리,화학 (Seoul),화학
1889.3,1889.3,1886.1,1886.1,-8.293885535,1.254069648,-2.60635698,-3.200163181,-0.343110622,-5.155343259,-5.921514170,-6.003075240,-1.62888653,-890.408204,2004-01-01,2004-01-01,,1,1,1,63.54,66.93,60.26,60.47,64.2,64.2,63.13,63.13,66.2,66.2,60.2,60.2,63.5,63.5,62.77,57.9,57.9,62.28,60.02,263.87,263.87,62.45,404.42,404.42,51.89,60.9,60.9,74.9,74.9,62.05,65.87,60.93,63.47,4,4,5300.97,5300.97,59.2,59.2,850.49,850.49,68.5,355.96,355.96,,,61.86,61,61,62.28,87.67,87.67,72.03,62.34,75.027,75.027,62.08,4,4,61.22,1107.9,1107.9,62.67,52.92,564.59,564.59,972.18,972.18,51.1,51.1,1173.7,1173.7,224.08,224.08,62.16,191.01,191.01,1301.41,1301.41,393.51,393.51,1181.26,1181.26,7.2,7.2,7.1,7.1,66.4,66.4,1068269521,1068269521,62.7,"62.3, 62.5, 62.7 및 23 이상",62.7,,,604.6,604.6,5205.42,5205.42,,,61.9,61.9,56.3,56.3,1481.36,1481.36,53.4,53.4,70.74,181.95,181.95,70.7,60.11,1069.3,1069.3,1788.47,1788.47,1.164,1.164,73.3,73.3,59.2,59.2,845.53,845.53,335,335,6.25,6.25,1030.53,1030.53
1889.3,1889.3,1886.1,1886.1,-8.734685775,0.796459920,-3.1495317,-3.469858365,-0.697629630,-5.288444235,-5.72151417,-5.80307524,-1.840032010,-890.568204,2004-02-01,2004-02-01,,1,2,2,63.54,66.93,60.26,60.47,64.9,64.9,65.84,65.84,66.3,66.3,60.5,60.5,63.6,63.6,62.77,58.1,58.1,62.28,60.02,284.4,284.4,62.45,439.56,439.56,51.89,61,61,75.6,75.6,62.05,65.87,60.93,63.47,4,4,5538.77,5538.77,59.2,59.2,832.06,832.06,68.5,368.91,368.91,,,61.86,61.4,61.4,62.28,87.14,87.14,72.03,62.34,75.359,75.359,62.08,4.1,4.1,61.22,1076.3,1076.3,62.67,52.92,548.98,548.98,944.13,944.13,51.2,51.2,1176.2,1176.2,223.29,223.29,62.16,203.09,203.09,1273.45,1273.45,350.31,350.31,1269.49,1269.49,7.2,7.2,7.1,7.1,66.6,66.6,1068269521,1068269521,62.9,"62.3, 62.5, 62.7 및 23 이상",62.9,,,621.45,621.45,5379.51,5379.51,,,61.8,61.8,56.6,56.6,1534.92,1534.92,53.4,53.4,70.74,204.97,204.97,70.7,60.11,1121.27,1121.27,1963.28,1963.28,1.164,1.164,74.4,74.4,59.5,59.5,867.45,867.45,349.87,349.87,6.09,6.09,1116.18,1116.18
1889.3,1889.3,1886.1,1886.1,-8.89817601,0.789645728,-3.16226028,-3.644065566,-0.603297492,-5.186168274,-5.421514170,-5.503075240,-2.44653349,-890.538204,2004-03-01,2004-03-01,,1,3,3,63.54,66.93,60.26,60.47,65.5,65.5,65.94,65.94,66.5,66.5,60.8,60.8,63.8,63.8,62.77,58.2,58.2,62.28,60.02,270.62,270.62,62.45,444.92,444.92,51.89,61.3,61.3,76,76,62.05,65.87,60.93,63.47,4,4,5818.82,5818.82,59.3,59.3,807.16,807.16,68.5,389.92,389.92,,,61.86,61.7,61.7,62.28,82.87,82.87,72.03,62.34,76.091,76.091,62.08,4,4,61.22,1101.3,1101.3,62.67,52.92,548.83,548.83,888.41,888.41,51.6,51.6,1146.6,1146.6,216.23,216.23,62.16,187.51,187.51,1258.5,1258.5,350.07,350.07,1241.57,1241.57,7.2,7.2,7.1,7.1,66.6,66.6,1068269521,1068269521,63.2,"62.3, 62.5, 62.7 및 23 이상",63.2,,,611.06,611.06,5685,5685,,,61.6,61.6,57.1,57.1,1566.62,1566.62,53.3,53.3,70.74,206.01,206.01,70.7,60.11,1064.5,1064.5,1851.05,1851.05,1.164,1.164,75.2,75.2,59.8,59.8,875.58,875.58,325.26,325.26,6.12,6.12,1110.9,1110.9
1889.3,1889.3,1886.1,1886.1,-9.53283183,0.186809824,-4.07624724,-4.120323778,-1.201683436,-5.553716942,-5.22151417,-5.30307524,-2.246533490,-890.638204,2004-04-01,2004-04-01,,1,4,4,63.54,66.93,60.26,60.47,65.6,65.6,66.44,66.44,66.7,66.7,61.1,61.1,64,64,62.77,58.3,58.3,62.28,60.02,260.67,260.67,62.45,400.92,400.92,51.89,61.4,61.4,76.6,76.6,62.05,65.87,60.93,63.47,4,4,5895.44,5895.44,59.4,59.4,835.93,835.93,68.5,417.7,417.7,,,61.86,62.1,62.1,62.28,83.46,83.46,72.03,62.34,76.091,76.091,62.08,3.7,3.7,61.22,1063.9,1063.9,62.67,52.92,499.54,499.54,802.05,802.05,52.1,52.1,1173.3,1173.3,253.01,253.01,62.16,182.69,182.69,1334.9,1334.9,329.7,329.7,1277.78,1277.78,7.2,7.2,7.1,7.1,66.8,66.8,1068269521,1068269521,63.4,"62.3, 62.5, 62.7 및 23 이상",63.4,,,603.3,603.3,5533.12,5533.12,,,61.6,61.6,57.4,57.4,1523.14,1523.14,53.5,53.5,70.74,189.07,189.07,70.7,60.11,996.81,996.81,1674.74,1674.74,1.164,1.164,76,76,60.2,60.2,907.14,907.14,307.35,307.35,6.02,6.02,1139.42,1139.42
1889.3,1889.3,1886.1,1886.1,-7.353967505,2.943060464,0.291543860,-1.798632483,1.639289854,-2.818612437,-5.12151417,-5.20307524,-2.064799750,-890.688204,2004-05-01,2004-05-01,,1,5,5,63.54,66.93,60.26,60.47,66,66,59.31,59.31,66.6,66.6,61.3,61.3,64,64,62.77,58.3,58.3,62.28,60.02,237.73,237.73,62.45,359.56,359.56,51.89,61.4,61.4,77.5,77.5,62.05,65.87,60.93,63.47,4,4,5455.42,5455.42,59.5,59.5,736.18,736.18,68.5,400.59,400.59,,,61.86,62.2,62.2,62.28,75.89,75.89,72.03,62.34,76.025,76.025,62.08,3.5,3.5,61.22,1059.5,1059.5,62.67,52.92,472.46,472.46,774.69,774.69,52.7,52.7,1160.1,1160.1,265.51,265.51,62.16,171.75,171.75,1218.45,1218.45,299.32,299.32,1146.92,1146.92,7.2,7.2,7.1,7.1,66.8,66.8,1068269521,1068269521,63.5,"62.3, 62.5, 62.7 및 23 이상",63.5,,,585.04,585.04,5006.79,5006.79,,,61.6,61.6,57.5,57.5,1400.71,1400.71,53.5,53.5,70.74,169.21,169.21,70.7,60.11,844.79,844.79,1586.8,1586.8,1.164,1.164,75.9,75.9,60.4,60.4,798.79,798.79,298.39,298.39,5.97,5.97,1091.5,1091.5
1889.3,1889.3,1886.1,1886.1,-6.807391295,3.534476176,1.43704974,-1.316227597,2.326873186,-2.257586683,-5.12151417,-5.20307524,-2.064799750,-890.598204,2004-06-01,2004-06-01,,1,6,6,63.54,66.93,60.26,60.47,66.3,66.3,57.94,57.94,66.3,66.3,61.4,61.4,63.9,63.9,62.77,58.5,58.5,62.28,60.02,226.36,226.36,62.45,362.69,362.69,51.89,61.4,61.4,77.9,77.9,62.05,65.87,60.93,63.47,4,4,5339.12,5339.12,59.4,59.4,726.2,726.2,68.5,411.85,411.85,,,61.86,62.1,62.1,62.28,74.56,74.56,72.03,62.34,76.025,76.025,62.08,3.4,3.4,61.22,1062.2,1062.2,62.67,52.92,495.24,495.24,841.49,841.49,52.8,52.8,1155.5,1155.5,240.02,240.02,62.16,160.42,160.42,1275.49,1275.49,274.08,274.08,1205.01,1205.01,7.2,7.2,7.1,7.1,66.7,66.7,1068269521,1068269521,63.5,"62.3, 62.5, 62.7 및 23 이상",63.5,,,593.78,593.78,4720.33,4720.33,,,61.5,61.5,57.6,57.6,1374.85,1374.85,53.4,53.4,70.74,156.53,156.53,70.7,60.11,810.42,810.42,1673,1673,1.164,1.164,75.6,75.6,60.9,60.9,771.61,771.61,294.03,294.03,6.06,6.06,1078.78,1078.78
1889.3,1889.3,1886.1,1886.1,-6.293794665,4.084172912,2.61947138,-0.668964139,2.872968782,-1.836446221,-5.22151417,-5.30307524,-2.741889490,-890.698204,2004-07-01,2004-07-01,,1,7,7,63.54,66.93,60.26,60.47,66.6,66.6,55.09,55.09,66,66,61.6,61.6,63.8,63.8,62.77,58.7,58.7,62.28,60.02,211.74,211.74,62.45,356.03,356.03,51.89,61.5,61.5,78.1,78.1,62.05,65.87,60.93,63.47,4.25,4.25,4787.14,4787.14,59.1,59.1,730.8,730.8,68.5,397.9,397.9,,,61.86,61.9,61.9,62.28,70.23,70.23,72.03,62.34,76.491,76.491,62.08,3.6,3.6,61.22,1046.8,1046.8,62.67,52.92,474.2,474.2,810.56,810.56,52.9,52.9,1170,1170,221.31,221.31,62.16,151.11,151.11,1191.67,1191.67,254.6,254.6,1207.94,1207.94,7.2,7.2,7.1,7.1,66.8,66.8,1068269521,1068269521,63.4,"62.3, 62.5, 62.7 및 23 이상",63.4,,,612.71,612.71,4111.47,4111.47,,,61.5,61.5,57.8,57.8,1283.64,1283.64,53.1,53.1,70.74,160.66,160.66,70.7,60.11,751.07,751.07,1772.24,1772.24,1.164,1.164,75.5,75.5,61.3,61.3,746.07,746.07,261.03,261.03,5.96,5.96,1087.66,1087.66
1889.3,1889.3,1886.1,1886.1,-6.781248945,3.567546096,1.68705554,-1.488371587,2.059759806,-2.825970293,-5.421514170,-5.503075240,-3.765418840,-890.848204,2004-08-01,2004-08-01,,1,8,8,63.54,66.93,60.26,60.47,67.1,67.1,68.51,68.51,65.6,65.6,61.6,61.6,63.9,63.9,62.77,58.7,58.7,62.28,60.02,259.15,259.15,62.45,402.21,402.21,51.89,61.4,61.4,78.2,78.2,62.05,65.87,60.93,63.47,4.42,4.42,5039.28,5039.28,58.9,58.9,783.18,783.18,68.5,383.38,383.38,,,61.86,61.5,61.5,62.28,72.56,72.56,72.03,62.34,77.156,77.156,62.08,3.6,3.6,61.22,1050.2,1050.2,62.67,52.92,522.77,522.77,967.92,967.92,52.9,52.9,1153,1153,244.77,244.77,62.16,171.6,171.6,1230.37,1230.37,292.63,292.63,1273.61,1273.61,7.2,7.2,7.1,7.1,66.5,66.5,1068269521,1068269521,63.2,"62.3, 62.5, 62.7 및 23 이상",63.2,,,633.54,633.54,4448.08,4448.08,,,61.7,61.7,58.1,58.1,1376.19,1376.19,53.1,53.1,70.74,175.77,175.77,70.7,60.11,830.98,830.98,1883.39,1883.39,1.164,1.164,74.7,74.7,61.7,61.7,770.31,770.31,271.87,271.87,5.81,5.81,1116.07,1116.07
1889.3,1889.3,1886.1,1886.1,-8.10063324,2.198532672,-0.636698720,-3.194242984,0.299997392,-4.621625176,-5.52151417,-5.60307524,-3.865418840,-890.918204,2004-09-01,2004-09-01,,1,9,9,63.54,66.93,60.26,60.47,67.6,67.6,73.9,73.9,65.3,65.3,61.8,61.8,64.2,64.2,62.77,59,59,62.28,60.02,257.38,257.38,62.45,435.84,435.84,51.89,61.5,61.5,78.1,78.1,62.05,65.87,60.93,63.47,4.59,4.59,4944.74,4944.74,58.8,58.8,877.26,877.26,68.5,406.42,406.42,,,61.86,61.3,61.3,62.28,76.68,76.68,72.03,62.34,77.156,77.156,62.08,3.3,3.3,61.22,1039.5,1039.5,62.67,52.92,570.19,570.19,922.12,922.12,53,53,1151.8,1151.8,244.27,244.27,62.16,171.29,171.29,1360.78,1360.78,267.73,267.73,1380.19,1380.19,7.2,7.2,7.1,7.1,66.2,66.2,1068269521,1068269521,63.1,"62.3, 62.5, 62.7 및 23 이상",63.1,,,676.32,676.32,4559.69,4559.69,,,61.5,61.5,58.2,58.2,1452.16,1452.16,53.2,53.2,70.74,186.46,186.46,70.7,60.11,844.21,844.21,1988.77,1988.77,1.164,1.164,74.8,74.8,61.7,61.7,835.92,835.92,276.78,276.78,5.74,5.74,1236.47,1236.47
1889.3,1889.3,1886.1,1886.1,-8.365877545,1.963000176,-1.24406526,-3.776874347,-0.133675314,-5.142409933,-5.62151417,-5.70307524,-3.965418840,-890.948204,2004-10-01,2004-10-01,,1,10,10,63.54,66.93,60.26,60.47,68.1,68.1,85.53,85.53,65,65,61.7,61.7,64.3,64.3,62.77,59.9,59.9,62.28,60.02,263.57,263.57,62.45,422.73,422.73,51.89,61.6,61.6,78,78,62.05,65.87,60.93,63.47,4.75,4.75,5044.05,5044.05,58.7,58.7,835.56,835.56,68.5,406.32,406.32,,,61.86,61.1,61.1,62.28,72.23,72.23,72.03,62.34,77.156,77.156,62.08,3.4,3.4,61.22,1055.7,1055.7,62.67,52.92,581.86,581.86,1066.4,1066.4,53.3,53.3,1119.6,1119.6,239.45,239.45,62.16,177.25,177.25,1308.89,1308.89,227.31,227.31,1394.27,1394.27,7.2,7.2,7.1,7.1,65.9,65.9,1068269521,1068269521,63,"62.3, 62.5, 62.7 및 23 이상",63,,,714.66,714.66,4368.63,4368.63,,,61.5,61.5,58.5,58.5,1423.38,1423.38,53.1,53.1,70.74,195.09,195.09,70.7,60.11,819.08,819.08,1953.21,1953.21,1.164,1.164,74.6,74.6,62.2,62.2,849.11,849.11,277.16,277.16,5.71,5.71,1257.94,1257.94
1889.3,1889.3,1886.1,1886.1,-8.64720945,1.70711696,-1.7822046,-4.47664787,-0.787585940,-5.78265093,-5.921514170,-6.003075240,-3.689567490,-891.058204,2004-11-01,2004-11-01,,1,11,11,63.54,66.93,60.26,60.47,68.1,68.1,85.94,85.94,64.6,64.6,61.7,61.7,64.4,64.4,62.77,60.1,60.1,62.28,60.02,277.25,277.25,62.45,462.09,462.09,51.89,61.5,61.5,76.9,76.9,62.05,65.87,60.93,63.47,4.92,4.92,5816.42,5816.42,58.5,58.5,925.91,925.91,68.5,415.11,415.11,,,61.86,60.8,60.8,62.28,72.78,72.78,72.03,62.34,76.691,76.691,62.08,3.5,3.5,61.22,1017.5,1017.5,62.67,52.92,566.05,566.05,1209.56,1209.56,53.6,53.6,1048.2,1048.2,237.57,237.57,62.16,187.3,187.3,1408.52,1408.52,236.15,236.15,1628.56,1628.56,7.2,7.2,7.1,7.1,65.5,65.5,1068269521,1068269521,62.7,"62.3, 62.5, 62.7 및 23 이상",62.7,,,791.47,791.47,4394.35,4394.35,,,61.4,61.4,58.8,58.8,1483.92,1483.92,53.1,53.1,70.74,209.8,209.8,70.7,60.11,839.06,839.06,2322.1,2322.1,1.164,1.164,74,74,62,62,863.1,863.1,314.51,314.51,5.6,5.6,1370.98,1370.98
1889.3,1889.3,1886.1,1886.1,-8.84750007,1.453750496,-2.265325960,-5.190067762,-1.239548044,-6.224881118,-6.12151417,-6.20307524,-4.054273360,-891.138204,2004-12-01,2004-12-01,,1,12,12,63.54,66.93,60.26,60.47,68.1,68.1,92.29,92.29,64.2,64.2,61.6,61.6,64.4,64.4,62.77,60.3,60.3,62.28,60.02,288.45,288.45,62.45,432.03,432.03,51.89,61.4,61.4,76.1,76.1,62.05,65.87,60.93,63.47,5.15,5.15,6023.95,6023.95,58.2,58.2,913.49,913.49,68.5,418,418,,,61.86,60.6,60.6,62.28,70.47,70.47,72.03,62.34,76.824,76.824,62.08,3.8,3.8,61.22,1009.7,1009.7,62.67,52.92,600.26,600.26,1178.31,1178.31,53.6,53.6,1035.1,1035.1,240.05,240.05,62.16,187.55,187.55,1492.57,1492.57,256.45,256.45,1594.97,1594.97,7.2,7.2,7.1,7.1,65,65,1068269521,1068269521,62.5,"62.3, 62.5, 62.7 및 23 이상",62.5,,,800.29,800.29,4573.91,4573.91,,,61.1,61.1,58.9,58.9,1510.51,1510.51,53.1,53.1,70.74,215.01,215.01,70.7,60.11,1017.89,1017.89,2220.56,2220.56,1.164,1.164,73.7,73.7,61.7,61.7,873.06,873.06,316.08,316.08,5.52,5.52,1343.97,1343.97
1987,1987,1973,1973,-0.676616825,0.683221360,-3.4304611,-6.239112795,-2.205806290,-7.161543005,-8.2234303,-8.0653332,-5.190496200,-891.300255,2005-01-01,2005-01-01,,1,13,13,72.32,73.77,61.6,60.94,68.4,68.4,101.41,101.41,63.9,63.9,61.6,61.6,64.4,64.4,63.28,60.4,60.4,63.61,61.92,284.81,284.81,63.44,461.16,461.16,52.7,61.4,61.4,75.6,75.6,62.91,66.43,64.51,66.16,5.25,5.25,6017.37,6017.37,58.1,58.1,977.1,977.1,68.68,430.04,430.04,,,65.36,60.4,60.4,74.62,78.18,78.18,77.53,63.59,77.58,77.58,70.91,4.3,4.3,67.33,990.6,990.6,68.86,58.43,673.54,673.54,1160.66,1160.66,53.6,53.6,1025.6,1025.6,248.01,248.01,65.49,200.06,200.06,1533.89,1533.89,292.46,292.46,1749.43,1749.43,6.6,6.6,6.5,6.5,64.6,64.6,2697530755,2697530755,62.3,"62.3, 62.5, 62.7 및 23 이상",62.3,,,819.5,819.5,5020.31,5020.31,2.525140615,2.525140615,60.9,60.9,58.9,58.9,1619.18,1619.18,53,53,73.28,238.63,238.63,72.76,59.53,1138.29,1138.29,2245.57,2245.57,1.085,1.085,74,74,61.8,61.8,903.35,903.35,299.47,299.47,5.58,5.58,1345.6,1345.6
1987,1987,1973,1973,-1.90591056,-0.771828032,-5.68188768,-7.548988096,-3.352236352,-8.048242944,-7.8234303,-7.6653332,-5.180589050,-891.350255,2005-02-01,2005-02-01,,1,14,14,72.32,73.77,61.6,60.94,68.6,68.6,109.85,109.85,64.3,64.3,61.7,61.7,64.5,64.5,63.28,60.7,60.7,63.61,61.92,308.17,308.17,63.44,499.16,499.16,52.7,61.7,61.7,75.9,75.9,62.91,66.43,64.51,66.16,5.49,5.49,6571.63,6571.63,58,58,978.03,978.03,68.68,487.38,487.38,,,65.36,61,61,74.62,89.12,89.12,77.53,63.59,77.895,77.895,70.91,4.3,4.3,67.33,961.9,961.9,68.86,58.43,703.15,703.15,1430.75,1430.75,53.7,53.7,1006,1006,274.62,274.62,65.49,209.32,209.32,1646.74,1646.74,353.27,353.27,1922.67,1922.67,6.6,6.6,6.5,6.5,64.6,64.6,2697530755,2697530755,62.7,"62.3, 62.5, 62.7 및 23 이상",62.7,,,821.8,821.8,5362.5,5362.5,2.525140615,2.525140615,61.1,61.1,59.1,59.1,1769.11,1769.11,53,53,73.28,271.63,271.63,72.76,59.53,1359.52,1359.52,2818.6,2818.6,1.085,1.085,74.9,74.9,62.2,62.2,964.48,964.48,303.49,303.49,5.53,5.53,1531.19,1531.19
1987,1987,1973,1973,-2.383511185,-1.175990032,-6.19545518,-7.757895971,-3.653049602,-8.325850069,-7.5234303,-7.3653332,-5.46263235,-891.250255,2005-03-01,2005-03-01,,1,15,15,72.32,73.77,61.6,60.94,68.9,68.9,103.37,103.37,64.8,64.8,62.1,62.1,64.7,64.7,63.28,61.1,61.1,63.61,61.92,293.21,293.21,63.44,497.54,497.54,52.7,62.1,62.1,76.8,76.8,62.91,66.43,64.51,66.16,5.59,5.59,6131.05,6131.05,58,58,958.01,958.01,68.68,483.65,483.65,,,65.36,61.3,61.3,74.62,90.36,90.36,77.53,63.59,78.365,78.365,70.91,4.1,4.1,67.33,948,948,68.86,58.43,692.76,692.76,1352.97,1352.97,53.9,53.9,1015.5,1015.5,270.52,270.52,65.49,203.19,203.19,1665.17,1665.17,306.24,306.24,1790.5,1790.5,6.6,6.6,6.5,6.5,64.9,64.9,2697530755,2697530755,63,"62.3, 62.5, 62.7 및 23 이상",63,,,787.06,787.06,5024.05,5024.05,2.525140615,2.525140615,60.9,60.9,59.3,59.3,1686.69,1686.69,53,53,73.28,257.22,257.22,72.76,59.53,1188.23,1188.23,2483.82,2483.82,1.085,1.085,75.9,75.9,62.8,62.8,988.23,988.23,285.02,285.02,5.63,5.63,1519.38,1519.38
1987,1987,1973,1973,-1.723517395,0.158898256,-4.53300106,-6.754638857,-2.322788934,-6.827657823,-7.0234303,-6.8653332,-5.060465160,-891.290255,2005-04-01,2005-04-01,,1,16,16,72.32,73.77,61.6,60.94,68.8,68.8,106.47,106.47,65.3,65.3,62.5,62.5,65.2,65.2,63.28,61.5,61.5,63.61,61.92,272.91,272.91,63.44,450.09,450.09,52.7,62.8,62.8,77.6,77.6,62.91,66.43,64.51,66.16,5.75,5.75,5579.5,5579.5,58.1,58.1,835.82,835.82,68.68,452.13,452.13,,,65.36,62,62,74.62,92,92,77.53,63.59,78.444,78.444,70.91,3.8,3.8,67.33,946.4,946.4,68.86,58.43,661.52,661.52,1268.48,1268.48,54.5,54.5,1002.8,1002.8,252.85,252.85,65.49,192,192,1626.85,1626.85,277.55,277.55,1751.31,1751.31,6.6,6.6,6.5,6.5,65.2,65.2,2697530755,2697530755,63.5,"62.3, 62.5, 62.7 및 23 이상",63.5,,,848.01,848.01,4649.67,4649.67,2.525140615,2.525140615,61.8,61.8,59.6,59.6,1568.91,1568.91,52.9,52.9,73.28,228.06,228.06,72.76,59.53,1033.51,1033.51,2208.16,2208.16,1.085,1.085,76.9,76.9,63.3,63.3,955.41,955.41,277.81,277.81,5.59,5.59,1388.06,1388.06
1987,1987,1973,1973,-1.393118310,1.176851168,-3.40100468,-6.302581746,-1.407152652,-5.828075294,-6.5234303,-6.3653332,-4.46263235,-891.380255,2005-05-01,2005-05-01,,1,17,17,72.32,73.77,61.6,60.94,69.4,69.4,109.41,109.41,65.9,65.9,63,63,65.8,65.8,63.28,61.8,61.8,63.61,61.92,291.76,291.76,63.44,483.18,483.18,52.7,63.6,63.6,78,78,62.91,66.43,64.51,66.16,5.99,5.99,6132.42,6132.42,58.2,58.2,868.43,868.43,68.68,483.44,483.44,,,65.36,62.6,62.6,74.62,91.26,91.26,77.53,63.59,78.365,78.365,70.91,3.6,3.6,67.33,931.2,931.2,68.86,58.43,709.99,709.99,1258.48,1258.48,55,55,1007.7,1007.7,268.18,268.18,65.49,200.76,200.76,1660.67,1660.67,321.62,321.62,1921.54,1921.54,6.6,6.6,6.5,6.5,65.3,65.3,2697530755,2697530755,64,"62.3, 62.5, 62.7 및 23 이상",64,,,872.15,872.15,5116.03,5116.03,2.525140615,2.525140615,61.7,61.7,59.8,59.8,1674.63,1674.63,52.9,52.9,73.28,242.6,242.6,72.76,59.53,1194.92,1194.92,2237.83,2237.83,1.085,1.085,77.1,77.1,63.8,63.8,938.98,938.98,303.43,303.43,5.5,5.5,1416.89,1416.89
1987,1987,1973,1973,-2.446051730,0.544896544,-5.11508444,-7.324536118,-1.931724516,-6.001486202,-5.7234303,-5.5653332,-3.370372310,-891.380255,2005-06-01,2005-06-01,,1,18,18,72.32,73.77,61.6,60.94,69.7,69.7,127.66,127.66,67.4,67.4,63.3,63.3,66.5,66.5,63.28,62,62,63.61,61.92,315.7,315.7,63.44,554.12,554.12,52.7,64.3,64.3,78.5,78.5,62.91,66.43,64.51,66.16,6.01,6.01,7091.99,7091.99,58.2,58.2,987.08,987.08,68.68,497.97,497.97,,,65.36,63.7,63.7,74.62,96.4,96.4,77.53,63.59,78.129,78.129,70.91,3.6,3.6,67.33,930.8,930.8,68.86,58.43,718.11,718.11,1286.73,1286.73,55.5,55.5,1025.4,1025.4,267.52,267.52,65.49,214.76,214.76,1732.02,1732.02,361.13,361.13,2511.69,2511.69,6.6,6.6,6.5,6.5,65.4,65.4,2697530755,2697530755,64.8,"62.3, 62.5, 62.7 및 23 이상",64.8,,,928.24,928.24,5060.05,5060.05,2.525140615,2.525140615,61.9,61.9,59.9,59.9,1718.95,1718.95,53.1,53.1,73.28,253.32,253.32,72.76,59.53,1365.4,1365.4,2249.9,2249.9,1.085,1.085,77.5,77.5,64.2,64.2,991.34,991.34,306.68,306.68,5.5,5.5,1526.33,1526.33
1987,1987,1973,1973,-3.800828745,-0.768888464,-7.206538860,-8.768120267,-3.036010354,-6.439944813,-5.1234303,-4.9653332,-3.160465160,-891.370255,2005-07-01,2005-07-01,,1,19,19,72.32,73.77,61.6,60.94,70.1,70.1,143.15,143.15,68.6,68.6,63.8,63.8,66.9,66.9,63.28,62.2,62.2,63.61,61.92,364.59,364.59,63.44,594.89,594.89,52.7,64.9,64.9,78.7,78.7,62.91,66.43,64.51,66.16,6.25,6.25,7811.52,7811.52,58.2,58.2,1057.95,1057.95,68.68,520.37,520.37,,,65.36,64.9,64.9,74.62,105.76,105.76,77.53,63.59,78.444,78.444,70.91,3.7,3.7,67.33,915.5,915.5,68.86,58.43,821.73,821.73,1376.97,1376.97,55.8,55.8,1026.8,1026.8,294.78,294.78,65.49,247.14,247.14,1795.42,1795.42,398.92,398.92,2453.77,2453.77,6.6,6.6,6.5,6.5,65.4,65.4,2697530755,2697530755,65.4,"62.3, 62.5, 62.7 및 23 이상",65.4,,,1031.32,1031.32,5690.34,5690.34,2.525140615,2.525140615,62,62,60.2,60.2,1881.01,1881.01,53.1,53.1,73.28,282.22,282.22,72.76,59.53,1599.25,1599.25,2526.83,2526.83,1.085,1.085,77.7,77.7,64.6,64.6,1058.71,1058.71,329.23,329.23,5.51,5.51,1520.59,1520.59
1987,1987,1973,1973,-4.668151480,-1.566046656,-8.66557744,-9.592296968,-3.827087216,-7.188879352,-4.8234303,-4.6653332,-3.151486810,-891.390255,2005-08-01,2005-08-01,,1,20,20,72.32,73.77,61.6,60.94,70.3,70.3,137.68,137.68,68.9,68.9,64,64,67.2,67.2,63.28,62.9,62.9,63.61,61.92,353.88,353.88,63.44,579.68,579.68,52.7,65.6,65.6,78.7,78.7,62.91,66.43,64.51,66.16,6.43,6.43,8419.01,8419.01,58.2,58.2,1143.46,1143.46,68.68,493.29,493.29,,,65.36,65.2,65.2,74.62,97.48,97.48,77.53,63.59,78.679,78.679,70.91,3.6,3.6,67.33,933,933,68.86,58.43,838.52,838.52,1224.67,1224.67,56.3,56.3,1038.5,1038.5,287.15,287.15,65.49,242.08,242.08,1722.94,1722.94,408.88,408.88,2441.28,2441.28,6.6,6.6,6.5,6.5,65.5,65.5,2697530755,2697530755,65.7,"62.3, 62.5, 62.7 및 23 이상",65.7,,,952.05,952.05,5462.32,5462.32,2.525140615,2.525140615,62,62,60.6,60.6,1863.4,1863.4,52.9,52.9,73.28,270.34,270.34,72.76,59.53,1478.87,1478.87,2624.25,2624.25,1.085,1.085,78.1,78.1,65.3,65.3,1101.84,1101.84,306.88,306.88,5.49,5.49,1546.19,1546.19
1987,1987,1973,1973,-6.059326690,-3.125875168,-11.12665532,-11.174665254,-5.377161348,-8.771357706,-4.6234303,-4.4653332,-3.436935690,-891.270255,2005-09-01,2005-09-01,,1,21,21,72.32,73.77,61.6,60.94,71,71,161.88,161.88,69,69,64.2,64.2,67.4,67.4,63.28,63.2,63.2,63.61,61.92,427.16,427.16,63.44,667.9,667.9,52.7,66.2,66.2,78.6,78.6,62.91,66.43,64.51,66.16,6.6,6.6,9859.06,9859.06,58.2,58.2,1235.83,1235.83,68.68,552.71,552.71,,,65.36,65.3,65.3,74.62,121.07,121.07,77.53,63.59,79.071,79.071,70.91,3.6,3.6,67.33,921.3,921.3,68.86,58.43,982.17,982.17,1400.97,1400.97,56.8,56.8,1041.1,1041.1,325.38,325.38,65.49,284.56,284.56,2016.43,2016.43,426.62,426.62,2959.08,2959.08,6.6,6.6,6.5,6.5,65.4,65.4,2697530755,2697530755,65.9,"62.3, 62.5, 62.7 및 23 이상",65.9,,,1054.99,1054.99,5840.72,5840.72,2.525140615,2.525140615,62.1,62.1,61,61,2062.71,2062.71,52.9,52.9,73.28,310.67,310.67,72.76,59.53,1930.98,1930.98,2963.39,2963.39,1.085,1.085,78.2,78.2,65.9,65.9,1171.02,1171.02,333.99,333.99,5.61,5.61,1722.93,1722.93
1987,1987,1973,1973,-6.45829917,-2.930573024,-11.78982076,-11.699790822,-5.879061764,-9.253872458,-4.6234303,-4.4653332,-3.242508460,-891.150255,2005-10-01,2005-10-01,,1,22,22,72.32,73.77,61.6,60.94,71.3,71.3,160.77,160.77,68.9,68.9,64.3,64.3,68.1,68.1,63.28,63.3,63.3,63.61,61.92,409.49,409.49,63.44,699.96,699.96,52.7,66.6,66.6,78,78,62.91,66.43,64.51,66.16,6.75,6.75,9018.98,9018.98,58.2,58.2,1000.08,1000.08,68.68,545.22,545.22,,,65.36,65.3,65.3,74.62,134.48,134.48,77.53,63.59,78.914,78.914,70.91,3.6,3.6,67.33,899.6,899.6,68.86,58.43,909.15,909.15,1313.1,1313.1,56.8,56.8,1040.2,1040.2,317.41,317.41,65.49,270.86,270.86,1983.89,1983.89,457.25,457.25,2997.69,2997.69,6.6,6.6,6.5,6.5,65.3,65.3,2697530755,2697530755,65.9,"62.3, 62.5, 62.7 및 23 이상",65.9,,,1020.88,1020.88,5435.06,5435.06,2.525140615,2.525140615,62.1,62.1,61.5,61.5,1936.36,1936.36,52.9,52.9,73.28,333.41,333.41,72.76,59.53,1778.01,1778.01,2707.79,2707.79,1.085,1.085,78.2,78.2,66.7,66.7,1190.86,1190.86,309.33,309.33,5.73,5.73,1614.01,1614.01
1987,1987,1973,1973,-7.713131970,-3.817929184,-14.29009916,-13.136879302,-7.357619524,-10.671459178,-4.5234303,-4.3653332,-2.753654000,-891.170255,2005-11-01,2005-11-01,,1,23,23,72.32,73.77,61.6,60.94,71.4,71.4,192.11,192.11,68.8,68.8,64.2,64.2,68.8,68.8,63.28,63.5,63.5,63.61,61.92,496.87,496.87,63.44,827.75,827.75,52.7,66.9,66.9,77.5,77.5,62.91,66.43,64.51,66.16,7,7,10471.31,10471.31,58.1,58.1,1054.12,1054.12,68.68,596.89,596.89,,,65.36,65.4,65.4,74.62,155.97,155.97,77.53,63.59,78.6,78.6,70.91,3.3,3.3,67.33,866.7,866.7,68.86,58.43,1042.11,1042.11,1497.13,1497.13,56.7,56.7,1033.5,1033.5,361.1,361.1,65.49,320.13,320.13,2301.65,2301.65,533.61,533.61,3773.51,3773.51,6.6,6.6,6.5,6.5,65.2,65.2,2697530755,2697530755,66,"62.3, 62.5, 62.7 및 23 이상",66,,,1038.4,1038.4,6044.83,6044.83,2.525140615,2.525140615,62.2,62.2,61.6,61.6,2140.48,2140.48,52.9,52.9,73.28,376.21,376.21,72.76,59.53,2453.32,2453.32,2657.15,2657.15,1.085,1.085,78,78,67,67,1253.26,1253.26,316.7,316.7,5.71,5.71,1708.03,1708.03
1987,1987,1973,1973,-9.433499695,-5.694184304,-17.48086546,-14.970019037,-9.421812094,-12.352060843,-4.423430300,-4.265333200,-2.945914040,-891.140255,2005-12-01,2005-12-01,,1,24,24,72.32,73.77,61.6,60.94,71.5,71.5,198.61,198.61,68.8,68.8,64.3,64.3,69.1,69.1,63.28,63.6,63.6,63.61,61.92,543.13,543.13,63.44,928.12,928.12,52.7,67.4,67.4,78,78,62.91,66.43,64.51,66.16,7.16,7.16,12366.35,12366.35,58.1,58.1,985.25,985.25,68.68,614.85,614.85,,,65.36,65.8,65.8,74.62,166.75,166.75,77.53,63.59,78.836,78.836,70.91,3.5,3.5,67.33,858.5,858.5,68.86,58.43,1126.54,1126.54,1629.29,1629.29,56.7,56.7,1011.6,1011.6,400.72,400.72,65.49,351.36,351.36,2322.15,2322.15,538.74,538.74,3481.03,3481.03,6.6,6.6,6.5,6.5,65.2,65.2,2697530755,2697530755,66.1,"62.3, 62.5, 62.7 및 23 이상",66.1,,,1109.76,1109.76,6761.03,6761.03,2.525140615,2.525140615,62.3,62.3,61.8,61.8,2273.7,2273.7,52.9,52.9,73.28,385.82,385.82,72.76,59.53,2949.3,2949.3,2574.26,2574.26,1.085,1.085,77.9,77.9,67.2,67.2,1338.81,1338.81,305.96,305.96,5.74,5.74,1683.66,1683.66
2076,2076,2070,2070,6.801864460,-6.524693888,-18.83912312,-15.838055164,-10.146609768,-12.837276196,-5.855984400,-5.820788000,-3.22795734,-891.312306,2006-01-01,2006-01-01,,1,25,25,89.37,89.98,67.67,74.81,71.7,71.7,193.01,193.01,69.1,69.1,64.5,64.5,69.3,69.3,72.19,63.9,63.9,73.12,72.35,533.63,533.63,69.4,872.38,872.38,63.64,67.8,67.8,78.2,78.2,70,71.94,80.64,78.15,7.26,7.26,11842.5,11842.5,58.1,58.1,926.08,926.08,75.6,618.61,618.61,,,77.68,66.3,66.3,92.17,179.63,179.63,89.39,72.89,79.306,79.306,87.86,3.8,3.8,89.84,821.2,821.2,83.55,79.24,1008.87,1008.87,1609.89,1609.89,56.9,56.9,964.6,964.6,431.02,431.02,79.21,352.21,352.21,2370.65,2370.65,643.64,643.64,3338.67,3338.67,6.3,6.3,6.2,6.2,65.2,65.2,3225760502,3225760502,66.4,"62.3, 62.5, 62.7 및 23 이상",66.4,,,1187.78,1187.78,7212.92,7212.92,1.195819731,1.195819731,62.4,62.4,62.2,62.2,2324.44,2324.44,52.8,52.8,79.92,352.96,352.96,80.36,66.69,2755.12,2755.12,2835.65,2835.65,1.132,1.132,77.6,77.6,67.8,67.8,1379.32,1379.32,307.22,307.22,5.79,5.79,1727.83,1727.83
2076,2076,2070,2070,7.55798166,-5.168210048,-17.29280152,-14.932373644,-8.795427528,-11.322832916,-5.4559844,-5.420788,-3.023622960,-891.342306,2006-02-01,2006-02-01,,1,26,26,89.37,89.98,67.67,74.81,72.2,72.2,191.74,191.74,69.7,69.7,64.6,64.6,69.7,69.7,72.19,64.2,64.2,73.12,72.35,514.39,514.39,69.4,862.82,862.82,63.64,68.2,68.2,78.1,78.1,70,71.94,80.64,78.15,7.5,7.5,11530.57,11530.57,58.1,58.1,974.47,974.47,75.6,599.71,599.71,,,77.68,66.9,66.9,92.17,178.5,178.5,89.39,72.89,79.464,79.464,87.86,4.1,4.1,89.84,835.3,835.3,83.55,79.24,1008.3,1008.3,1623.6,1623.6,57,57,970.9,970.9,403.96,403.96,79.21,340.75,340.75,2461.8,2461.8,723.85,723.85,3443.74,3443.74,6.3,6.3,6.2,6.2,65.3,65.3,3225760502,3225760502,66.8,"62.3, 62.5, 62.7 및 23 이상",66.8,,,1198.33,1198.33,6770.61,6770.61,1.195819731,1.195819731,62.4,62.4,62.5,62.5,2278.8,2278.8,52.8,52.8,79.92,322.34,322.34,80.36,66.69,2699.95,2699.95,2939.14,2939.14,1.132,1.132,77.9,77.9,68.5,68.5,1341.72,1341.72,318.39,318.39,5.76,5.76,1712.14,1712.14
2076,2076,2070,2070,7.759076660,-4.213826048,-16.70814152,-14.618096644,-8.042453528,-9.979629916,-4.9559844,-4.920788,-3.10566626,-891.212306,2006-03-01,2006-03-01,,1,27,27,89.37,89.98,67.67,74.81,72.8,72.8,204.91,204.91,70.4,70.4,64.8,64.8,70.4,70.4,72.19,64.5,64.5,73.12,72.35,532.23,532.23,69.4,879.77,879.77,63.64,68.5,68.5,78.1,78.1,70,71.94,80.64,78.15,7.54,7.54,11447.05,11447.05,58.1,58.1,973.64,973.64,75.6,605.24,605.24,,,77.68,68,68,92.17,179.2,179.2,89.39,72.89,79.934,79.934,87.86,3.9,3.9,89.84,827.7,827.7,83.55,79.24,1015.29,1015.29,1458.16,1458.16,57.6,57.6,971.6,971.6,388.37,388.37,79.21,366.57,366.57,2425.7,2425.7,711.91,711.91,3418.76,3418.76,6.3,6.3,6.2,6.2,65.4,65.4,3225760502,3225760502,67.3,"62.3, 62.5, 62.7 및 23 이상",67.3,,,1173.42,1173.42,6277.56,6277.56,1.195819731,1.195819731,62.4,62.4,62.9,62.9,2227.82,2227.82,52.7,52.7,79.92,326.03,326.03,80.36,66.69,2422.35,2422.35,3125.99,3125.99,1.132,1.132,78,78,69.4,69.4,1331.72,1331.72,313.06,313.06,5.89,5.89,1788.28,1788.28
2076,2076,2070,2070,6.065856760,-5.555739328,-19.84697872,-16.122308984,-9.472494608,-10.527399176,-4.2559844,-4.220788,-2.503499070,-891.272306,2006-04-01,2006-04-01,,1,28,28,89.37,89.98,67.67,74.81,73.1,73.1,236.75,236.75,71.5,71.5,64.9,64.9,71.2,71.2,72.19,64.8,64.8,73.12,72.35,560.46,560.46,69.4,889.79,889.79,63.64,68.7,68.7,77.9,77.9,70,71.94,80.64,78.15,7.75,7.75,12459.47,12459.47,58,58,991.68,991.68,75.6,625.24,625.24,,,77.68,69.5,69.5,92.17,180.82,180.82,89.39,72.89,80.013,80.013,87.86,3.5,3.5,89.84,826,826,83.55,79.24,1052.71,1052.71,1589.97,1589.97,58.2,58.2,943.4,943.4,413.37,413.37,79.21,370.33,370.33,2457.77,2457.77,812.24,812.24,3363.4,3363.4,6.3,6.3,6.2,6.2,65.7,65.7,3225760502,3225760502,68,"62.3, 62.5, 62.7 및 23 이상",68,,,1213.02,1213.02,6393.45,6393.45,1.195819731,1.195819731,62.4,62.4,63.5,63.5,2276.44,2276.44,52.7,52.7,79.92,338.55,338.55,80.36,66.69,2701.43,2701.43,3344.38,3344.38,1.132,1.132,78.1,78.1,70,70,1415.92,1415.92,356.87,356.87,5.83,5.83,1792.78,1792.78
2076,2076,2070,2070,6.610623115,-3.966613072,-18.60493478,-15.241832591,-7.987188042,-8.568562249,-3.4559844,-3.420788,-1.896687910,-891.212306,2006-05-01,2006-05-01,,1,29,29,89.37,89.98,67.67,74.81,73.2,73.2,205.91,205.91,73.1,73.1,65.1,65.1,72.1,72.1,72.19,64.9,64.9,73.12,72.35,513.11,513.11,69.4,796.92,796.92,63.64,69,69,77.5,77.5,70,71.94,80.64,78.15,7.92,7.92,12530.52,12530.52,57.9,57.9,889.16,889.16,75.6,576.54,576.54,,,77.68,70.8,70.8,92.17,170.12,170.12,89.39,72.89,80.169,80.169,87.86,3.2,3.2,89.84,844.1,844.1,83.55,79.24,964.78,964.78,1562,1562,59.3,59.3,945.6,945.6,371.43,371.43,79.21,337.32,337.32,2274.88,2274.88,767.32,767.32,3092.21,3092.21,6.3,6.3,6.2,6.2,66,66,3225760502,3225760502,68.8,"62.3, 62.5, 62.7 및 23 이상",68.8,,,1134.67,1134.67,6001.42,6001.42,1.195819731,1.195819731,62.5,62.5,64.1,64.1,2120.88,2120.88,53.1,53.1,79.92,296.56,296.56,80.36,66.69,2327.39,2327.39,3129.11,3129.11,1.132,1.132,78.1,78.1,70.1,70.1,1388.83,1388.83,358.68,358.68,5.89,5.89,1649.31,1649.31
2076,2076,2070,2070,9.418713695,0.085605104,-13.23354254,-12.049668563,-4.054659106,-4.672475557,-3.055984400,-3.020788,-1.303499070,-891.122306,2006-06-01,2006-06-01,,1,30,30,89.37,89.98,67.67,74.81,73.2,73.2,184.81,184.81,74.1,74.1,65.1,65.1,72.6,72.6,72.19,65.2,65.2,73.12,72.35,502.74,502.74,69.4,831.19,831.19,63.64,68.9,68.9,77.1,77.1,70,71.94,80.64,78.15,8.02,8.02,11894.19,11894.19,57.8,57.8,843.92,843.92,75.6,551.33,551.33,,,77.68,71.3,71.3,92.17,169.19,169.19,89.39,72.89,80.013,80.013,87.86,3.4,3.4,89.84,828.9,828.9,83.55,79.24,1029.1,1029.1,1537.28,1537.28,60,60,948.9,948.9,434.5,434.5,79.21,336.9,336.9,2157.11,2157.11,674,674,2880.72,2880.72,6.3,6.3,6.2,6.2,66.2,66.2,3225760502,3225760502,69.2,"62.3, 62.5, 62.7 및 23 이상",69.2,,,1031.31,1031.31,5815.87,5815.87,1.195819731,1.195819731,62.8,62.8,64.5,64.5,2087.32,2087.32,53.1,53.1,79.92,285.49,285.49,80.36,66.69,2223.64,2223.64,3136.43,3136.43,1.132,1.132,78,78,70.2,70.2,1249.19,1249.19,330.71,330.71,5.98,5.98,1551.35,1551.35
2076,2076,2070,2070,8.839359000,-0.147275200,-14.541748,-12.4670006,-4.6834772,-5.173143400,-2.9559844,-2.920788,-1.59111514,-891.002306,2006-07-01,2006-07-01,,1,31,31,89.37,89.98,67.67,74.81,73.4,73.4,200.47,200.47,74.5,74.5,64.9,64.9,73.1,73.1,72.19,65.2,65.2,73.12,72.35,523.15,523.15,69.4,836.7,836.7,63.64,68.8,68.8,76.8,76.8,70,71.94,80.64,78.15,8.25,8.25,11484.13,11484.13,57.7,57.7,789.95,789.95,75.6,552.91,552.91,,,77.68,71.5,71.5,92.17,158.99,158.99,89.39,72.89,80.326,80.326,87.86,3.4,3.4,89.84,835.6,835.6,83.55,79.24,1008.48,1008.48,1362.78,1362.78,60.3,60.3,955.2,955.2,409.9,409.9,79.21,359.63,359.63,2149.66,2149.66,795.11,795.11,2860.57,2860.57,6.3,6.3,6.2,6.2,66.4,66.4,3225760502,3225760502,69.3,"62.3, 62.5, 62.7 및 23 이상",69.3,,,1053.62,1053.62,5826.93,5826.93,1.195819731,1.195819731,63,63,64.8,64.8,2074.88,2074.88,53.1,53.1,79.92,291.73,291.73,80.36,66.69,2215.67,2215.67,2938.36,2938.36,1.132,1.132,77.9,77.9,70.3,70.3,1278,1278,325.32,325.32,6.1,6.1,1573.95,1573.95
2076,2076,2070,2070,8.073589240,-0.915969472,-16.00653328,-13.182967416,-5.446802192,-5.899260424,-2.7559844,-2.720788,-1.97439683,-890.942306,2006-08-01,2006-08-01,,1,32,32,89.37,89.98,67.67,74.81,73.2,73.2,206.85,206.85,74.9,74.9,64.9,64.9,73.3,73.3,72.19,65.3,65.3,73.12,72.35,520.58,520.58,69.4,871.16,871.16,63.64,68.6,68.6,76.5,76.5,70,71.94,80.64,78.15,8.25,8.25,12105.06,12105.06,57.6,57.6,820.2,820.2,75.6,568.84,568.84,,,77.68,71.7,71.7,92.17,160.31,160.31,89.39,72.89,80.797,80.797,87.86,3.4,3.4,89.84,819.5,819.5,83.55,79.24,1077.43,1077.43,1460,1460,60.6,60.6,961.4,961.4,436.37,436.37,79.21,340.59,340.59,2150.47,2150.47,854.65,854.65,3147.49,3147.49,6.3,6.3,6.2,6.2,66.5,66.5,3225760502,3225760502,69.5,"62.3, 62.5, 62.7 및 23 이상",69.5,,,1083.18,1083.18,6367.33,6367.33,1.195819731,1.195819731,63.1,63.1,65,65,2209.62,2209.62,53.1,53.1,79.92,310.81,310.81,80.36,66.69,2473.5,2473.5,3061.43,3061.43,1.132,1.132,77.6,77.6,70.2,70.2,1316.08,1316.08,324.56,324.56,6.16,6.16,1625.94,1625.94
2076,2076,2070,2070,7.260159965,-1.444952752,-17.56248298,-13.749717881,-6.070082022,-6.283016559,-2.355984400,-2.320788000,-1.86541848,-890.972306,2006-09-01,2006-09-01,,1,33,33,89.37,89.98,67.67,74.81,73.1,73.1,211.78,211.78,75.8,75.8,64.9,64.9,73.8,73.8,72.19,65.5,65.5,73.12,72.35,521.2,521.2,69.4,949.72,949.72,63.64,68.5,68.5,76.1,76.1,70,71.94,80.64,78.15,8.25,8.25,12726.17,12726.17,57.6,57.6,838.88,838.88,75.6,586.96,586.96,,,77.68,72.3,72.3,92.17,165.38,165.38,89.39,72.89,81.032,81.032,87.86,3.2,3.2,89.84,802.8,802.8,83.55,79.24,1117.3,1117.3,1536.96,1536.96,61.3,61.3,946.2,946.2,422.62,422.62,79.21,331.06,331.06,2265.44,2265.44,976.28,976.28,3122.58,3122.58,6.3,6.3,6.2,6.2,66.8,66.8,3225760502,3225760502,69.9,"62.3, 62.5, 62.7 및 23 이상",69.9,,,1093.37,1093.37,6358.08,6358.08,1.195819731,1.195819731,63.3,63.3,65.2,65.2,2252.23,2252.23,53.1,53.1,79.92,321.44,321.44,80.36,66.69,2409.99,2409.99,3103.94,3103.94,1.132,1.132,77.5,77.5,70.3,70.3,1356.53,1356.53,336.31,336.31,6.13,6.13,1683.96,1683.96
2076,2076,2070,2070,7.310232620,-0.881611136,-17.46670264,-12.696362908,-4.907091496,-4.722459012,-1.2559844,-1.220788,-0.279969600,-891.012306,2006-10-01,2006-10-01,,1,34,34,89.37,89.98,67.67,74.81,73.1,73.1,231.91,231.91,78.3,78.3,64.9,64.9,74.3,74.3,72.19,65.8,65.8,73.12,72.35,524.97,524.97,69.4,909.72,909.72,63.64,68.5,68.5,76,76,70,71.94,80.64,78.15,8.25,8.25,12585.82,12585.82,57.6,57.6,859.52,859.52,75.6,581.62,581.62,,,77.68,73.8,73.8,92.17,166.75,166.75,89.39,72.89,80.64,80.64,87.86,3.3,3.3,89.84,803.1,803.1,83.55,79.24,1110.71,1110.71,1532.93,1532.93,62.7,62.7,942.3,942.3,436.03,436.03,79.21,335.32,335.32,2259,2259,934.22,934.22,3227.27,3227.27,6.3,6.3,6.2,6.2,67.8,67.8,3225760502,3225760502,71,"62.3, 62.5, 62.7 및 23 이상",71,,,1078.23,1078.23,5897.41,5897.41,1.195819731,1.195819731,63.7,63.7,65.7,65.7,2200.02,2200.02,53.1,53.1,79.92,326.44,326.44,80.36,66.69,2380.4,2380.4,3285.19,3285.19,1.132,1.132,77.4,77.4,70.4,70.4,1354.04,1354.04,342.83,342.83,6.09,6.09,1744.5,1744.5
2076,2076,2070,2070,6.306969665,-1.450732912,-19.18577138,-11.065390861,-3.469178782,-1.535798779,1.444015600,1.479212,2.905479280,-891.062306,2006-11-01,2006-11-01,,1,35,35,89.37,89.98,67.67,74.81,73,73,259.23,259.23,84.6,84.6,65.1,65.1,75,75,72.19,66,66,73.12,72.35,542.93,542.93,69.4,980.86,980.86,63.64,68.5,68.5,76,76,70,71.94,80.64,78.15,8.25,8.25,12973.64,12973.64,57.6,57.6,965.94,965.94,75.6,612.83,612.83,,,77.68,78.2,78.2,92.17,183.52,183.52,89.39,72.89,80.248,80.248,87.86,3.2,3.2,89.84,800.5,800.5,83.55,79.24,1073.13,1073.13,1755.45,1755.45,64.9,64.9,929.5,929.5,467.34,467.34,79.21,334.55,334.55,2379.51,2379.51,919.97,919.97,3613.03,3613.03,6.3,6.3,6.2,6.2,70.5,70.5,3225760502,3225760502,73.7,기타,73.7,,,1160.62,1160.62,6075.17,6075.17,1.195819731,1.195819731,63.8,63.8,66.2,66.2,2284.36,2284.36,53.2,53.2,79.92,353.55,353.55,80.36,66.69,2597.63,2597.63,3637.39,3637.39,1.132,1.132,77.3,77.3,70.3,70.3,1403.93,1403.93,368.73,368.73,6.04,6.04,1858.93,1858.93
2076,2076,2070,2070,6.007338115,-1.329765072,-19.55891478,-8.784663591,-2.246110042,1.101828751,3.0440156,3.079212,4.214457630,-890.912306,2006-12-01,2006-12-01,,1,36,36,89.37,89.98,67.67,74.81,72.7,72.7,248.09,248.09,88.1,88.1,65.3,65.3,75.5,75.5,72.19,66,66,73.12,72.35,556.53,556.53,69.4,1034.02,1034.02,63.64,68.5,68.5,76,76,70,71.94,80.64,78.15,8.25,8.25,13744.22,13744.22,57.7,57.7,958.93,958.93,75.6,606.98,606.98,,,77.68,81.2,81.2,92.17,189.97,189.97,89.39,72.89,80.483,80.483,87.86,3.3,3.3,89.84,783.4,783.4,83.55,79.24,1027.13,1027.13,1707.46,1707.46,66.2,66.2,929.8,929.8,477.24,477.24,79.21,338.97,338.97,2484.6,2484.6,862.18,862.18,3687.61,3687.61,6.3,6.3,6.2,6.2,73.1,73.1,3225760502,3225760502,75.3,기타,75.3,,,1244.28,1244.28,5885.39,5885.39,1.195819731,1.195819731,64.1,64.1,66.5,66.5,2263.96,2263.96,53.7,53.7,79.92,343.09,343.09,80.36,66.69,2570.95,2570.95,3766.81,3766.81,1.132,1.132,77.4,77.4,70.3,70.3,1418.83,1418.83,366.5,366.5,6.19,6.19,1921.09,1921.09
2238.2,2238.2,2232.6,2232.6,9.093272125,-0.022913200,-17.9364305,-6.036555225,-0.244838950,3.964426225,0.886484420,0.968934160,5.020030400,-891.004357,2007-01-01,2007-01-01,,1,37,37,91.66,91.81,80.69,84.6,72.5,72.5,222.52,222.52,90.2,90.2,65.4,65.4,75.8,75.8,80.3,66,66,77.22,82.38,542.49,542.49,75.51,983.64,983.64,74.45,68.5,68.5,75.9,75.9,83.53,81.28,86.52,83.28,8.25,8.25,13578.94,13578.94,57.7,57.7,859.98,859.98,81.65,588.9,588.9,,,85.3,83.1,83.1,93.48,179.28,179.28,93.87,83.76,80.64,80.64,95.27,3.6,3.6,92.45,775,775,89.02,95.34,990.88,990.88,1584.53,1584.53,67.4,67.4,941,941,434.92,434.92,86.03,335.71,335.71,2333.44,2333.44,727.32,727.32,3242.9,3242.9,6.2,6.2,6.1,6.1,75,75,3883459754,3883459754,76.3,기타,76.3,,,1229.85,1229.85,5448.79,5448.79,1.203889672,1.203889672,64.4,64.4,66.8,66.8,2145.73,2145.73,53.9,53.9,82.45,329.33,329.33,87.95,79.06,2244.19,2244.19,3829.97,3829.97,1.259,1.259,77.4,77.4,70.2,70.2,1379.25,1379.25,330.97,330.97,6.32,6.32,1831.68,1831.68
2238.2,2238.2,2232.6,2232.6,7.974379545,-1.038305776,-19.97667874,-6.528792453,-1.252386286,3.111244733,1.286484420,1.36893416,4.740154290,-890.984357,2007-02-01,2007-02-01,,1,38,38,91.66,91.81,80.69,84.6,72.4,72.4,242.02,242.02,91,91,65.5,65.5,76.2,76.2,80.3,66,66,77.22,82.38,593.11,593.11,75.51,1055.95,1055.95,74.45,68.3,68.3,75.7,75.7,83.53,81.28,86.52,83.28,8.25,8.25,14472.29,14472.29,57.7,57.7,885.93,885.93,81.65,599.59,599.59,,,85.3,83.6,83.6,93.48,178.09,178.09,93.87,83.76,81.189,81.189,95.27,3.7,3.7,92.45,796.9,796.9,89.02,95.34,1095.76,1095.76,1685.61,1685.61,68,68,941.8,941.8,434.91,434.91,86.03,373.9,373.9,2256.17,2256.17,869.67,869.67,3332.95,3332.95,6.2,6.2,6.1,6.1,75.7,75.7,3883459754,3883459754,76.7,기타,76.7,,,1163.25,1163.25,5505.18,5505.18,1.203889672,1.203889672,64.7,64.7,67,67,2230.75,2230.75,54,54,82.45,344.18,344.18,87.95,79.06,2535.82,2535.82,4078.23,4078.23,1.259,1.259,77.4,77.4,70,70,1434.89,1434.89,327.52,327.52,6.34,6.34,1924.61,1924.61
2238.2,2238.2,2232.6,2232.6,8.04013761,-0.555122208,-19.95089492,-6.158723874,-0.969663788,3.590772114,1.486484420,1.56893416,4.356872600,-890.954357,2007-03-01,2007-03-01,,1,39,39,91.66,91.81,80.69,84.6,72.1,72.1,242,242,91.4,91.4,65.4,65.4,76.6,76.6,80.3,66.1,66.1,77.22,82.38,582.11,582.11,75.51,1224.24,1224.24,74.45,68.2,68.2,75.4,75.4,83.53,81.28,86.52,83.28,8.25,8.25,14135.98,14135.98,57.7,57.7,963.95,963.95,81.65,618.23,618.23,,,85.3,84,84,93.48,185.9,185.9,93.87,83.76,81.66,81.66,95.27,3.5,3.5,92.45,799.9,799.9,89.02,95.34,1161.38,1161.38,1855.19,1855.19,68.5,68.5,940.9,940.9,443.29,443.29,86.03,383.75,383.75,2335.82,2335.82,901.73,901.73,3381.57,3381.57,6.2,6.2,6.1,6.1,76,76,3883459754,3883459754,76.9,기타,76.9,,,1114.69,1114.69,5573.75,5573.75,1.203889672,1.203889672,64.8,64.8,67.1,67.1,2344.88,2344.88,54.1,54.1,82.45,374.8,374.8,87.95,79.06,2464.39,2464.39,4529.84,4529.84,1.259,1.259,77.3,77.3,70,70,1431.62,1431.62,326.73,326.73,6.37,6.37,2054.18,2054.18
2238.2,2238.2,2232.6,2232.6,6.32077536,-2.530105408,-23.13973792,-7.490792224,-2.932591488,1.811386464,1.68648442,1.768934160,4.169256530,-890.974357,2007-04-01,2007-04-01,,1,40,40,91.66,91.81,80.69,84.6,72.3,72.3,277.73,277.73,91.7,91.7,65.5,65.5,76.8,76.8,80.3,66.2,66.2,77.22,82.38,593.7,593.7,75.51,1471.43,1471.43,74.45,67.9,67.9,75,75,83.53,81.28,86.52,83.28,8.25,8.25,14515.04,14515.04,57.7,57.7,1070.32,1070.32,81.65,674.4,674.4,,,85.3,84.3,84.3,93.48,206.3,206.3,93.87,83.76,81.973,81.973,95.27,3.4,3.4,92.45,778.7,778.7,89.02,95.34,1249.66,1249.66,2190.14,2190.14,69,69,930.8,930.8,483.78,483.78,86.03,379.29,379.29,2502.75,2502.75,935.79,935.79,3387.42,3387.42,6.2,6.2,6.1,6.1,76.5,76.5,3883459754,3883459754,77.1,기타,77.1,,,1135.78,1135.78,5728.26,5728.26,1.203889672,1.203889672,65.2,65.2,67.2,67.2,2502.55,2502.55,54.2,54.2,82.45,389.37,389.37,87.95,79.06,2771.94,2771.94,4728.38,4728.38,1.259,1.259,77.2,77.2,70.1,70.1,1517.12,1517.12,334.89,334.89,6.35,6.35,2335.31,2335.31
2238.2,2238.2,2232.6,2232.6,4.353664070,-4.818489696,-26.80248204,-8.886849838,-5.407183156,-0.567625282,1.68648442,1.768934160,4.071423720,-890.844357,2007-05-01,2007-05-01,,1,41,41,91.66,91.81,80.69,84.6,72.1,72.1,356.11,356.11,91.6,91.6,65.6,65.6,77,77,80.3,66.1,66.1,77.22,82.38,619.35,619.35,75.51,1839.94,1839.94,74.45,67.7,67.7,74.8,74.8,83.53,81.28,86.52,83.28,8.25,8.25,15332.93,15332.93,57.7,57.7,1229.96,1229.96,81.65,766.14,766.14,,,85.3,84.3,84.3,93.48,223.18,223.18,93.87,83.76,82.052,82.052,95.27,3.2,3.2,92.45,763.3,763.3,89.02,95.34,1548.96,1548.96,2904.82,2904.82,69.3,69.3,927.7,927.7,545.26,545.26,86.03,377.05,377.05,2670.09,2670.09,1296.86,1296.86,4108.79,4108.79,6.2,6.2,6.1,6.1,77.2,77.2,3883459754,3883459754,77.1,기타,77.1,,,1245.46,1245.46,5560.13,5560.13,1.203889672,1.203889672,65.4,65.4,67.4,67.4,2756.82,2756.82,54.3,54.3,82.45,447.64,447.64,87.95,79.06,3279.61,3279.61,5524.09,5524.09,1.259,1.259,77.1,77.1,69.6,69.6,1614.94,1614.94,343.7,343.7,6.48,6.48,2646.94,2646.94
2238.2,2238.2,2232.6,2232.6,1.55160634,-8.063076352,-32.26233448,-11.172585556,-8.832122872,-3.756415884,1.786484420,1.86893416,4.171423720,-890.904357,2007-06-01,2007-06-01,,1,42,42,91.66,91.81,80.69,84.6,72,72,339.74,339.74,91.8,91.8,65.5,65.5,77.3,77.3,80.3,66.1,66.1,77.22,82.38,636.11,636.11,75.51,1734.41,1734.41,74.45,67.5,67.5,74.6,74.6,83.53,81.28,86.52,83.28,8.25,8.25,16878.25,16878.25,57.7,57.7,1313.88,1313.88,81.65,796.31,796.31,,,85.3,84.5,84.5,93.48,228.19,228.19,93.87,83.76,82.052,82.052,95.27,3.2,3.2,92.45,749.1,749.1,89.02,95.34,1698.93,1698.93,2647.76,2647.76,70,70,923.8,923.8,511.68,511.68,86.03,367.06,367.06,2776.41,2776.41,1209.21,1209.21,4219.01,4219.01,6.2,6.2,6.1,6.1,77.9,77.9,3883459754,3883459754,77.2,기타,77.2,,,1285.17,1285.17,5954.28,5954.28,1.203889672,1.203889672,65.7,65.7,67.4,67.4,2885.73,2885.73,54.4,54.4,82.45,438.95,438.95,87.95,79.06,3830.47,3830.47,5423.24,5423.24,1.259,1.259,77,77,69.5,69.5,1754.28,1754.28,352.31,352.31,6.42,6.42,2796.12,2796.12
2238.2,2238.2,2232.6,2232.6,-1.61121582,-11.964027904,-38.31226696,-13.642734212,-12.610897944,-7.281512668,1.986484420,2.06893416,3.982569260,-890.914357,2007-07-01,2007-07-01,,1,43,43,91.66,91.81,80.69,84.6,71.8,71.8,394.95,394.95,92.1,92.1,65.5,65.5,77.4,77.4,80.3,66.1,66.1,77.22,82.38,702,702,75.51,1970.74,1970.74,74.45,67.2,67.2,74.3,74.3,83.53,81.28,86.52,83.28,8.25,8.25,18827.38,18827.38,57.7,57.7,1382.55,1382.55,81.65,838.55,838.55,,,85.3,84.8,84.8,93.48,258.35,258.35,93.87,83.76,82.366,82.366,95.27,3.3,3.3,92.45,773.4,773.4,89.02,95.34,1869.23,1869.23,3537.85,3537.85,70.1,70.1,919.3,919.3,567.65,567.65,86.03,382.36,382.36,3084.55,3084.55,1431.54,1431.54,4853.46,4853.46,6.2,6.2,6.1,6.1,78.8,78.8,3883459754,3883459754,77.4,기타,77.4,,,1380.87,1380.87,6464.02,6464.02,1.203889672,1.203889672,66,66,67.5,67.5,3212.42,3212.42,54.5,54.5,82.45,471.11,471.11,87.95,79.06,4714.93,4714.93,6628.94,6628.94,1.259,1.259,77,77,69.4,69.4,1911.56,1911.56,350.28,350.28,6.41,6.41,3073.26,3073.26
2238.2,2238.2,2232.6,2232.6,0.330155310,-9.508204768,-34.59875932,-10.674104054,-9.968686948,-4.533630906,2.18648442,2.268934160,4.085974840,-890.764357,2007-08-01,2007-08-01,,1,44,44,91.66,91.81,80.69,84.6,71.6,71.6,393.75,393.75,92.6,92.6,65.5,65.5,77.4,77.4,80.3,66.1,66.1,77.22,82.38,650.74,650.74,75.51,1840.64,1840.64,74.45,67.1,67.1,74.2,74.2,83.53,81.28,86.52,83.28,8.25,8.25,18658.99,18658.99,57.8,57.8,1361.25,1361.25,81.65,826.24,826.24,,,85.3,85.2,85.2,93.48,248.47,248.47,93.87,83.76,82.444,82.444,95.27,3.1,3.1,92.45,807.7,807.7,89.02,95.34,1781.11,1781.11,3434.04,3434.04,70.1,70.1,938.3,938.3,551.52,551.52,86.03,369.71,369.71,2961.24,2961.24,1651.5,1651.5,4887.95,4887.95,6.2,6.2,6.1,6.1,79.7,79.7,3883459754,3883459754,77.6,기타,77.6,,,1321.59,1321.59,6169.65,6169.65,1.203889672,1.203889672,66.3,66.3,67.5,67.5,3138.38,3138.38,54.6,54.6,82.45,464.11,464.11,87.95,79.06,4199.07,4199.07,6998.47,6998.47,1.259,1.259,77,77,69.4,69.4,1815.02,1815.02,354.03,354.03,6.56,6.56,3012.26,3012.26
2238.2,2238.2,2232.6,2232.6,-0.957053785,-11.136516752,-36.86096798,-11.245691131,-11.287973522,-5.690373309,2.486484420,2.56893416,3.802693150,-890.624357,2007-09-01,2007-09-01,,1,45,45,91.66,91.81,80.69,84.6,71.4,71.4,404.01,404.01,93.1,93.1,65.7,65.7,77.4,77.4,80.3,66.1,66.1,77.22,82.38,645.53,645.53,75.51,1905.18,1905.18,74.45,67,67,74.1,74.1,83.53,81.28,86.52,83.28,8.03,8.03,19326.75,19326.75,57.8,57.8,1399.88,1399.88,81.65,919.54,919.54,,,85.3,85.6,85.6,93.48,242.99,242.99,93.87,83.76,82.915,82.915,95.27,3,3,92.45,794.8,794.8,89.02,95.34,1887.34,1887.34,3506.13,3506.13,70.1,70.1,915.1,915.1,576.35,576.35,86.03,366.69,366.69,2932.33,2932.33,1692.62,1692.62,4759.21,4759.21,6.2,6.2,6.1,6.1,80.5,80.5,3883459754,3883459754,77.9,기타,77.9,,,1356.15,1356.15,6225.94,6225.94,1.203889672,1.203889672,66.5,66.5,67.6,67.6,3295.46,3295.46,54.6,54.6,82.45,489.56,489.56,87.95,79.06,3999.58,3999.58,7904.44,7904.44,1.259,1.259,76.9,76.9,69.5,69.5,1879.03,1879.03,368.07,368.07,6.7,6.7,3283.79,3283.79
2238.2,2238.2,2232.6,2232.6,-3.481198225,-14.32954472,-41.5892203,-12.735296035,-14.16330317,-8.443057365,2.786484420,2.86893416,3.908265920,-890.534357,2007-10-01,2007-10-01,,1,46,46,91.66,91.81,80.69,84.6,71.1,71.1,444.31,444.31,93.6,93.6,65.8,65.8,77.4,77.4,80.3,66.2,66.2,77.22,82.38,684.08,684.08,75.51,2526.01,2526.01,74.45,66.9,66.9,74.2,74.2,83.53,81.28,86.52,83.28,7.74,7.74,25294.5,25294.5,57.9,57.9,1317.4,1317.4,81.65,1029.08,1029.08,,,85.3,85.9,85.9,93.48,238.24,238.24,93.87,83.76,83.072,83.072,95.27,3,3,92.45,785.5,785.5,89.02,95.34,2032.13,2032.13,4379.89,4379.89,70.6,70.6,900.7,900.7,642.48,642.48,86.03,352.26,352.26,3233.27,3233.27,1345.23,1345.23,4662.39,4662.39,6.2,6.2,6.1,6.1,81.7,81.7,3883459754,3883459754,78.2,기타,78.2,,,1286.9,1286.9,6176.97,6176.97,1.203889672,1.203889672,66.6,66.6,67.8,67.8,3452.09,3452.09,54.6,54.6,82.45,422.37,422.37,87.95,79.06,4676.02,4676.02,7702.81,7702.81,1.259,1.259,76.9,76.9,69.9,69.9,2004.55,2004.55,361.65,361.65,6.79,6.79,3725.1,3725.1
2238.2,2238.2,2232.6,2232.6,-1.87826998,-12.301849856,-38.32309544,-9.727294068,-11.846847416,-5.904486252,3.086484420,3.16893416,4.208265920,-890.524357,2007-11-01,2007-11-01,,1,47,47,91.66,91.81,80.69,84.6,70.9,70.9,387.76,387.76,94,94,66,66,77.4,77.4,80.3,66.4,66.4,77.22,82.38,609.13,609.13,75.51,2202.81,2202.81,74.45,66.7,66.7,74.2,74.2,83.53,81.28,86.52,83.28,7.5,7.5,21909.01,21909.01,58,58,1225.63,1225.63,81.65,937.06,937.06,,,85.3,86.5,86.5,93.48,224.94,224.94,93.87,83.76,83.072,83.072,95.27,3,3,92.45,835.3,835.3,89.02,95.34,1820.89,1820.89,3804.67,3804.67,71,71,921.1,921.1,579.16,579.16,86.03,322.91,322.91,2955.29,2955.29,1136.61,1136.61,4668.96,4668.96,6.2,6.2,6.1,6.1,83,83,3883459754,3883459754,78.5,기타,78.5,,,1276.55,1276.55,6175.29,6175.29,1.203889672,1.203889672,67,67,68.1,68.1,3208.71,3208.71,54.8,54.8,82.45,418.67,418.67,87.95,79.06,4015.8,4015.8,6913.44,6913.44,1.259,1.259,76.9,76.9,69.9,69.9,1924.84,1924.84,400,400,6.8,6.8,3307.17,3307.17
2238.2,2238.2,2232.6,2232.6,-1.458986905,-11.771459216,-37.32107934,-8.380526523,-11.119396626,-4.997407997,3.286484420,3.36893416,4.01941146,-890.244357,2007-12-01,2007-12-01,,1,48,48,91.66,91.81,80.69,84.6,70.6,70.6,399.88,399.88,94.2,94.2,66.2,66.2,77.4,77.4,80.3,66.5,66.5,77.22,82.38,658.86,658.86,75.51,1992.67,1992.67,74.45,66.5,66.5,74.3,74.3,83.53,81.28,86.52,83.28,7.33,7.33,24539.56,24539.56,58.1,58.1,1255.89,1255.89,81.65,899.11,899.11,,,85.3,86.9,86.9,93.48,217.37,217.37,93.87,83.76,83.386,83.386,95.27,3.1,3.1,92.45,828.6,828.6,89.02,95.34,1775.01,1775.01,3483.02,3483.02,71.2,71.2,936.1,936.1,589.08,589.08,86.03,337.64,337.64,2901.99,2901.99,1053.64,1053.64,4786.74,4786.74,6.2,6.2,6.1,6.1,83.9,83.9,3883459754,3883459754,78.7,기타,78.7,,,1276.55,1276.55,6061.74,6061.74,1.203889672,1.203889672,67.8,67.8,68.4,68.4,3119.6,3119.6,54.8,54.8,82.45,412.11,412.11,87.95,79.06,4561.42,4561.42,6799.17,6799.17,1.259,1.259,76.9,76.9,70,70,1903.99,1903.99,395.68,395.68,7.08,7.08,3130.27,3130.27
2352.9,2352.9,2353.5,2353.5,-0.806185755,-7.303685936,-30.61646714,-3.501390433,-6.375833046,-0.221612487,1.453630990,1.456310600,3.935200970,-890.296408,2008-01-01,2008-01-01,,1,49,49,88.86,89.31,95.26,97.59,70.5,70.5,296.5,296.5,94.6,94.6,66.3,66.3,77.5,77.5,87.61,66.4,66.4,86.17,96.31,557.07,557.07,95.85,1522.84,1522.84,97.22,66.4,66.4,74.3,74.3,104.28,91.29,92,88.36,6.98,6.98,18246.35,18246.35,58.3,58.3,1122.64,1122.64,92.99,747.41,747.41,,,93.46,87.5,87.5,88.77,188.68,188.68,95.83,96.2,83.777,83.777,92.76,3.3,3.3,94.16,886.6,886.6,93.1,100.15,1343.37,1343.37,2852.3,2852.3,71.4,71.4,943.9,943.9,470.56,470.56,94.15,309.18,309.18,2549.59,2549.59,1118.82,1118.82,4312.55,4312.55,5.8,5.8,5.7,5.7,85.1,85.1,4577477403,4577477403,79.1,기타,79.1,,,1258.65,1258.65,5998.47,5998.47,1.178711173,1.178711173,68.9,68.9,68.5,68.5,2714.6,2714.6,54.8,54.8,88.93,357.94,357.94,91.97,94.69,3399.27,3399.27,5926.62,5926.62,1.192,1.192,76.7,76.7,70.1,70.1,1732.29,1732.29,365.83,365.83,7.25,7.25,2463.97,2463.97
2352.9,2352.9,2353.5,2353.5,0.053696465,-6.215939952,-28.87166098,-1.685141981,-4.994116222,1.418323541,1.75363099,1.756310600,3.84510812,-890.646408,2008-02-01,2008-02-01,,1,50,50,88.86,89.31,95.26,97.59,70.4,70.4,355.16,355.16,95,95,66.4,66.4,77.5,77.5,87.61,66.5,66.5,86.17,96.31,559.2,559.2,95.85,2043.48,2043.48,97.22,66.3,66.3,74.3,74.3,104.28,91.29,92,88.36,6,6,18389.07,18389.07,58.4,58.4,1152.48,1152.48,92.99,821.8,821.8,,,93.46,88.1,88.1,88.77,187.69,187.69,95.83,96.2,84.092,84.092,92.76,3.5,3.5,94.16,895.7,895.7,93.1,100.15,1526.21,1526.21,3164.06,3164.06,71.5,71.5,939,939,490.32,490.32,94.15,292.61,292.61,2631.49,2631.49,1198.64,1198.64,4511.58,4511.58,5.8,5.8,5.7,5.7,86,86,4577477403,4577477403,79.4,기타,79.4,,,1134.08,1134.08,5971.23,5971.23,1.178711173,1.178711173,69.7,69.7,68.8,68.8,2917.51,2917.51,54.9,54.9,88.93,362.05,362.05,91.97,94.69,3675.25,3675.25,6343.52,6343.52,1.192,1.192,76.7,76.7,70.3,70.3,1689.53,1689.53,330.79,330.79,6.9,6.9,2842.16,2842.16
2352.9,2352.9,2353.5,2353.5,0.825499075,-5.23961416,-27.1953359,0.537253145,-3.323202010,3.951736655,2.453630990,2.456310600,3.574210360,-890.646408,2008-03-01,2008-03-01,,1,51,51,88.86,89.31,95.26,97.59,70.2,70.2,341.74,341.74,96,96,66.6,66.6,77.5,77.5,87.61,66.6,66.6,86.17,96.31,548.06,548.06,95.85,1996.82,1996.82,97.22,66.2,66.2,74.4,74.4,104.28,91.29,92,88.36,5.66,5.66,18943.51,18943.51,58.8,58.8,1090.01,1090.01,92.99,788.44,788.44,,,93.46,89.7,89.7,88.77,186.01,186.01,95.83,96.2,84.876,84.876,92.76,3.4,3.4,94.16,992.9,992.9,93.1,100.15,1556.36,1556.36,3073.37,3073.37,71.7,71.7,990.4,990.4,505.77,505.77,94.15,280.97,280.97,2464.98,2464.98,1318.89,1318.89,4445.47,4445.47,5.8,5.8,5.7,5.7,87.4,87.4,4577477403,4577477403,80.1,기타,80.1,,,1050.92,1050.92,6611.91,6611.91,1.178711173,1.178711173,70.1,70.1,69.2,69.2,2939.84,2939.84,54.9,54.9,88.93,347.49,347.49,91.97,94.69,3542.83,3542.83,5743.56,5743.56,1.192,1.192,76.5,76.5,70.6,70.6,1651.15,1651.15,337.31,337.31,6.9,6.9,2642.91,2642.91
2352.9,2352.9,2353.5,2353.5,-1.69683551,-8.230352672,-31.62012628,0.549576734,-5.396254892,3.101241426,3.55363099,3.5563106,4.09092867,-890.636408,2008-04-01,2008-04-01,,1,52,52,88.86,89.31,95.26,97.59,70,70,337.57,337.57,97.5,97.5,67,67,77.7,77.7,87.61,67,67,86.17,96.31,616.12,616.12,95.85,1798.86,1798.86,97.22,66,66,74.6,74.6,104.28,91.29,92,88.36,5.24,5.24,19825.87,19825.87,59.2,59.2,1091.15,1091.15,92.99,846.76,846.76,,,93.46,91.9,91.9,88.77,198.58,198.58,95.83,96.2,85.347,85.347,92.76,3.2,3.2,94.16,965.6,965.6,93.1,100.15,1628.24,1628.24,3208.97,3208.97,71.8,71.8,1002.6,1002.6,535.16,535.16,94.15,348.44,348.44,2570.32,2570.32,1443.65,1443.65,4798.67,4798.67,5.8,5.8,5.7,5.7,90.1,90.1,4577477403,4577477403,81.2,기타,81.2,,,1161.84,1161.84,7301.94,7301.94,1.178711173,1.178711173,72.5,72.5,70.2,70.2,3137.59,3137.59,55.2,55.2,88.93,378.76,378.76,91.97,94.69,3665.47,3665.47,6043.03,6043.03,1.192,1.192,76.4,76.4,70.9,70.9,1776.58,1776.58,347.02,347.02,6.91,6.91,2877.58,2877.58
2352.9,2352.9,2353.5,2353.5,-3.107919125,-10.1153652,-34.1192855,0.945995025,-6.471373450,2.794685975,4.25363099,4.256310600,3.917863720,-890.586408,2008-05-01,2008-05-01,,1,53,53,88.86,89.31,95.26,97.59,70.1,70.1,332,332,98.7,98.7,67.2,67.2,77.6,77.6,87.61,67.4,67.4,86.17,96.31,586.62,586.62,95.85,2010.16,2010.16,97.22,65.9,65.9,74.7,74.7,104.28,91.29,92,88.36,5,5,20924.76,20924.76,59.5,59.5,1066.24,1066.24,92.99,857.61,857.61,,,93.46,93.3,93.3,88.77,200.83,200.83,95.83,96.2,86.052,86.052,92.76,3.1,3.1,94.16,978.2,978.2,93.1,100.15,1698.83,1698.83,3168.3,3168.3,71.9,71.9,1030.1,1030.1,529.21,529.21,94.15,330.09,330.09,2701.87,2701.87,1485.17,1485.17,4484.67,4484.67,5.8,5.8,5.7,5.7,92,92,4577477403,4577477403,81.9,기타,81.9,,,1161.78,1161.78,7495.42,7495.42,1.178711173,1.178711173,72.9,72.9,70.9,70.9,3273.2,3273.2,55.3,55.3,88.93,386.68,386.68,91.97,94.69,3380.92,3380.92,6760.44,6760.44,1.192,1.192,76.5,76.5,71,71,1846.75,1846.75,350.84,350.84,6.96,6.96,2926.39,2926.39
2352.9,2352.9,2353.5,2353.5,-1.326619615,-7.862031728,-30.21196722,5.744060691,-3.330529758,6.348978149,5.15363099,5.1563106,4.137987610,-890.526408,2008-06-01,2008-06-01,,1,54,54,88.86,89.31,95.26,97.59,70.5,70.5,291.8,291.8,99.8,99.8,67.7,67.7,77.6,77.6,87.61,67.6,67.6,86.17,96.31,538.64,538.64,95.85,1713.95,1713.95,97.22,65.7,65.7,74.8,74.8,104.28,91.29,92,88.36,5,5,20465.98,20465.98,59.8,59.8,1001.01,1001.01,92.99,766.11,766.11,,,93.46,94.7,94.7,88.77,191.29,191.29,95.83,96.2,86.601,86.601,92.76,3.1,3.1,94.16,987.9,987.9,93.1,100.15,1474.94,1474.94,2899.63,2899.63,72.1,72.1,1046,1046,477.15,477.15,94.15,309.74,309.74,2651.89,2651.89,1140.6,1140.6,4422.05,4422.05,5.8,5.8,5.7,5.7,94.9,94.9,4577477403,4577477403,82.8,기타,82.8,,,1084.06,1084.06,6394.41,6394.41,1.178711173,1.178711173,73.8,73.8,72.3,72.3,2941.58,2941.58,55.4,55.4,88.93,369.76,369.76,91.97,94.69,2948.25,2948.25,6610.43,6610.43,1.192,1.192,77.2,77.2,71.2,71.2,1758.17,1758.17,330.43,330.43,7.02,7.02,2728.9,2728.9
2352.9,2352.9,2353.5,2353.5,2.465428800,-3.06511264,-22.8584336,12.48468208,1.93980096,11.63505712,5.65363099,5.6563106,3.860278690,-890.426408,2008-07-01,2008-07-01,,1,55,55,88.86,89.31,95.26,97.59,71,71,257.43,257.43,100.4,100.4,67.8,67.8,77.6,77.6,87.61,67.7,67.7,86.17,96.31,508.08,508.08,95.85,1664.56,1664.56,97.22,65.7,65.7,74.8,74.8,104.28,91.29,92,88.36,5,5,18719.43,18719.43,60.3,60.3,947.84,947.84,92.99,729.48,729.48,,,93.46,95.4,95.4,88.77,185.08,185.08,95.83,96.2,87.229,87.229,92.76,3.1,3.1,94.16,937.4,937.4,93.1,100.15,1476.38,1476.38,2814.24,2814.24,71.9,71.9,1012.2,1012.2,453.17,453.17,94.15,290.42,290.42,2510.1,2510.1,905.49,905.49,4122.99,4122.99,5.8,5.8,5.7,5.7,97.6,97.6,4577477403,4577477403,83.3,기타,83.3,,,1123.4,1123.4,5675.39,5675.39,1.178711173,1.178711173,74.7,74.7,73.2,73.2,2798.61,2798.61,55.8,55.8,88.93,340.32,340.32,91.97,94.69,2834.25,2834.25,6513.98,6513.98,1.192,1.192,77.7,77.7,71.3,71.3,1569.6,1569.6,327.2,327.2,7.12,7.12,2725.34,2725.34
2352.9,2352.9,2353.5,2353.5,3.109938275,-2.34981192,-21.2255983,14.571439865,3.050582630,12.614522735,5.953630990,5.956310600,4.354705920,-890.236408,2008-08-01,2008-08-01,,1,56,56,88.86,89.31,95.26,97.59,71.4,71.4,213.19,213.19,100.7,100.7,68.2,68.2,77.5,77.5,87.61,67.8,67.8,86.17,96.31,498.8,498.8,95.85,1330.02,1330.02,97.22,65.6,65.6,74.9,74.9,104.28,91.29,92,88.36,5,5,17646.81,17646.81,60.5,60.5,894.12,894.12,92.99,673.35,673.35,,,93.46,95.6,95.6,88.77,172.31,172.31,95.83,96.2,87.072,87.072,92.76,3.1,3.1,94.16,998.9,998.9,93.1,100.15,1274.32,1274.32,2620.5,2620.5,72.2,72.2,1089,1089,423.71,423.71,94.15,296.18,296.18,2381.23,2381.23,786.5,786.5,3919.3,3919.3,5.8,5.8,5.7,5.7,99,99,4577477403,4577477403,83.6,기타,83.6,,,1142.75,1142.75,5234.11,5234.11,1.178711173,1.178711173,75.2,75.2,73.9,73.9,2507.7,2507.7,55.9,55.9,88.93,335.53,335.53,91.97,94.69,2590.3,2590.3,5562.05,5562.05,1.192,1.192,78.1,78.1,71.6,71.6,1537.55,1537.55,345.9,345.9,7.31,7.31,2453.08,2453.08
2352.9,2352.9,2353.5,2353.5,4.939701680,-0.035171904,-17.22557696,18.321146288,5.752393056,15.027426832,6.35363099,6.3563106,4.65687311,-890.106408,2008-09-01,2008-09-01,,1,57,57,88.86,89.31,95.26,97.59,71.6,71.6,228.41,228.41,100.9,100.9,68.7,68.7,77.5,77.5,87.61,68.1,68.1,86.17,96.31,455.63,455.63,95.85,1368.6,1368.6,97.22,65.4,65.4,75.1,75.1,104.28,91.29,92,88.36,5,5,17672.17,17672.17,61,61,827.66,827.66,92.99,640.27,640.27,,,93.46,95.8,95.8,88.77,159.4,159.4,95.83,96.2,87.151,87.151,92.76,3,3,94.16,1157.5,1157.5,93.1,100.15,1322.81,1322.81,2529.85,2529.85,72.3,72.3,1207,1207,413.47,413.47,94.15,261.12,261.12,2169.39,2169.39,654.78,654.78,3624.57,3624.57,5.8,5.8,5.7,5.7,100.8,100.8,4577477403,4577477403,84,기타,84,,,1042.02,1042.02,5450.93,5450.93,1.178711173,1.178711173,76.1,76.1,74.5,74.5,2528.2,2528.2,56.1,56.1,88.93,322.99,322.99,91.97,94.69,2776.22,2776.22,5280.89,5280.89,1.192,1.192,79.1,79.1,71.7,71.7,1446.56,1446.56,345.3,345.3,7.44,7.44,2506.27,2506.27
2352.9,2352.9,2353.5,2353.5,9.86371385,6.09367472,-7.3067922,24.06793291,11.84671442,20.68249549,6.25363099,6.256310600,4.654705920,-889.756408,2008-10-01,2008-10-01,,1,58,58,88.86,89.31,95.26,97.59,72,72,153.21,153.21,100.4,100.4,69.2,69.2,77.4,77.4,87.61,68.2,68.2,86.17,96.31,311.79,311.79,95.85,883.51,883.51,97.22,65.2,65.2,75.1,75.1,104.28,91.29,92,88.36,4.56,4.56,12602.16,12602.16,61.2,61.2,548.45,548.45,92.99,493.39,493.39,,,93.46,95.5,95.5,88.77,110.32,110.32,95.83,96.2,87.072,87.072,92.76,3,3,94.16,1316.1,1316.1,93.1,100.15,891.63,891.63,1925.18,1925.18,72.4,72.4,1291,1291,286.06,286.06,94.15,169.36,169.36,1765.64,1765.64,648.5,648.5,2724.99,2724.99,5.8,5.8,5.7,5.7,101.3,101.3,4577477403,4577477403,83.9,기타,83.9,,,849.18,849.18,4960.22,4960.22,1.178711173,1.178711173,76.2,76.2,74.6,74.6,2004.68,2004.68,57.1,57.1,88.93,231.64,231.64,91.97,94.69,1949.47,1949.47,4039.21,4039.21,1.192,1.192,79.5,79.5,71.7,71.7,1201.7,1201.7,314.18,314.18,7.79,7.79,1862.35,1862.35
2352.9,2352.9,2353.5,2353.5,12.432702475,8.84343032,-2.292760700,26.705321585,14.57845727,22.989413815,5.75363099,5.756310600,4.445727570,-890.016408,2008-11-01,2008-11-01,,1,59,59,88.86,89.31,95.26,97.59,72,72,143.73,143.73,99,99,69.3,69.3,76.9,76.9,87.61,68.3,68.3,86.17,96.31,312.58,312.58,95.85,871.07,871.07,97.22,64.9,64.9,75,75,104.28,91.29,92,88.36,4,4,14065.01,14065.01,61.3,61.3,531.95,531.95,92.99,474.58,474.58,,,93.46,94.7,94.7,88.77,112.45,112.45,95.83,96.2,86.837,86.837,92.76,3,3,94.16,1541.1,1541.1,93.1,100.15,774.01,774.01,1878.79,1878.79,72.3,72.3,1469,1469,287.33,287.33,94.15,169.47,169.47,1830.82,1830.82,711.17,711.17,3170.54,3170.54,5.8,5.8,5.7,5.7,101.2,101.2,4577477403,4577477403,83.4,기타,83.4,,,928.03,928.03,4405.57,4405.57,1.178711173,1.178711173,76.7,76.7,74.6,74.6,1876.49,1876.49,58,58,88.93,216.26,216.26,91.97,94.69,1868.17,1868.17,3877.01,3877.01,1.192,1.192,79.6,79.6,71.6,71.6,1073.95,1073.95,333.2,333.2,7.53,7.53,1859.51,1859.51
2352.9,2352.9,2353.5,2353.5,11.60921845,6.801727840,-4.067943400,25.02785727,12.84252874,20.29349753,5.05363099,5.0563106,3.745727570,-890.656408,2008-12-01,2008-12-01,,1,60,60,88.86,89.31,95.26,97.59,71.9,71.9,164.62,164.62,97.6,97.6,69.1,69.1,75.9,75.9,87.61,68.3,68.3,86.17,96.31,322.91,322.91,95.85,995.37,995.37,97.22,64.3,64.3,75,75,104.28,91.29,92,88.36,3.61,3.61,14168.88,14168.88,61.4,61.4,611.13,611.13,92.99,515.94,515.94,,,93.46,93,93,88.77,117.95,117.95,95.83,96.2,86.837,86.837,92.76,3.3,3.3,94.16,1396.8,1396.8,93.1,100.15,852.98,852.98,1992.21,1992.21,71.9,71.9,1259.5,1259.5,311.65,311.65,94.15,164.77,164.77,2023.66,2023.66,686.97,686.97,3396.58,3396.58,5.8,5.8,5.7,5.7,100.4,100.4,4577477403,4577477403,82.7,기타,82.7,,,976.97,976.97,4165.92,4165.92,1.178711173,1.178711173,77.1,77.1,74.5,74.5,1940.65,1940.65,58,58,88.93,234.39,234.39,91.97,94.69,2083.88,2083.88,4328.58,4328.58,1.192,1.192,79.4,79.4,71.6,71.6,1114.9,1114.9,338.65,338.65,6.89,6.89,1965.19,1965.19
2444.5,2444.5,2440.7,2440.7,15.185277485,5.246797392,-5.66312842,23.639250551,11.193445562,18.484934689,2.670462950,2.78831412,3.047894760,-891.858459,2009-01-01,2009-01-01,,1,61,61,93.27,95.34,99.07,99.03,71.8,71.8,172.02,172.02,96.4,96.4,69.1,69.1,75.4,75.4,93.57,68.1,68.1,90.04,96.1,342.31,342.31,96.42,1082.78,1082.78,98.35,63.6,63.6,74.7,74.7,104.91,93.09,92.95,91.44,3.25,3.25,12739.96,12739.96,61.3,61.3,592.89,592.89,96.34,520.9,520.9,,,96.09,92.2,92.2,91.62,118.21,118.21,95.99,97.72,86.916,86.916,95.58,3.6,3.6,98.72,1543.1,1543.1,95.99,102.73,950.41,950.41,1952.48,1952.48,71.7,71.7,1379.5,1379.5,311.18,311.18,96.74,177.65,177.65,1872.43,1872.43,693.06,693.06,3357.77,3357.77,6,6,6,6,99.9,99.9,4598833096,4598833096,82.1,기타,82.1,,,918.08,918.08,4548.96,4548.96,1.004665385,1.004665385,76.8,76.8,74.2,74.2,2035.98,2035.98,58.5,58.5,92.31,220.56,220.56,94.51,96.35,2373.55,2373.55,4196.24,4196.24,1.149,1.149,79.1,79.1,71.7,71.7,1156.37,1156.37,336.11,336.11,5.91,5.91,2019.07,2019.07
2444.5,2444.5,2440.7,2440.7,15.519497375,5.369583600,-5.1238235,23.395378925,11.41388835,18.689138075,2.470462950,2.588314120,2.071424230,-892.198459,2009-02-01,2009-02-01,,1,62,62,93.27,95.34,99.07,99.03,71.8,71.8,148.76,148.76,95.9,95.9,69,69,75.1,75.1,93.57,68.1,68.1,90.04,96.1,285.7,285.7,96.42,955.69,955.69,98.35,63,63,74.7,74.7,104.91,93.09,92.95,91.44,3.25,3.25,12218.13,12218.13,61.4,61.4,562.11,562.11,96.34,495.59,495.59,,,96.09,92,92,91.62,108.07,108.07,95.99,97.72,87.543,87.543,95.58,3.9,3.9,98.72,1571.2,1571.2,95.99,102.73,881.66,881.66,1723.34,1723.34,71.4,71.4,1534,1534,270.81,270.81,96.74,136.96,136.96,1721.79,1721.79,621.04,621.04,3485.09,3485.09,6,6,6,6,99.3,99.3,4598833096,4598833096,81.9,기타,81.9,,,779.29,779.29,4458.09,4458.09,1.004665385,1.004665385,76.8,76.8,74.2,74.2,1926.16,1926.16,58.5,58.5,92.31,213.17,213.17,94.51,96.35,2013.64,2013.64,3722.34,3722.34,1.149,1.149,79,79,71.6,71.6,1139.75,1139.75,310.41,310.41,5.57,5.57,1920.1,1920.1
2444.5,2444.5,2440.7,2440.7,15.505420725,5.05177672,-4.850749700,22.980379535,11.19618017,18.472113865,2.27046295,2.38831412,1.094953700,-892.268459,2009-03-01,2009-03-01,,1,63,63,93.27,95.34,99.07,99.03,71.8,71.8,177.41,177.41,95.4,95.4,69.3,69.3,74.8,74.8,93.57,68,68,90.04,96.1,323.27,323.27,96.42,1107.72,1107.72,98.35,62.7,62.7,74.8,74.8,104.91,93.09,92.95,91.44,3.25,3.25,13254.79,13254.79,61.5,61.5,634.27,634.27,96.34,575.31,575.31,,,96.09,91.8,91.8,91.62,123.01,123.01,95.99,97.72,88.17,88.17,95.58,4,4,98.72,1412.7,1412.7,95.99,102.73,989.3,989.3,1894.51,1894.51,71.3,71.3,1383.5,1383.5,309.67,309.67,96.74,156.86,156.86,1814.9,1814.9,1047.53,1047.53,3826.74,3826.74,6,6,6,6,98.9,98.9,4598833096,4598833096,81.7,기타,81.7,,,814.66,814.66,5341.71,5341.71,1.004665385,1.004665385,76.8,76.8,74.5,74.5,2212.82,2212.82,58.7,58.7,92.31,232.54,232.54,94.51,96.35,2441.81,2441.81,4359.07,4359.07,1.149,1.149,78.8,78.8,71.4,71.4,1140.45,1140.45,316.67,316.67,5.5,5.5,2130.53,2130.53
2444.5,2444.5,2440.7,2440.7,11.85253005,0.430891360,-11.8380986,18.78803783,6.600907460,14.35433137,2.27046295,2.38831412,0.803932050,-892.368459,2009-04-01,2009-04-01,,1,64,64,93.27,95.34,99.07,99.03,71.7,71.7,202.73,202.73,95.3,95.3,69.3,69.3,74.8,74.8,93.57,67.9,67.9,90.04,96.1,387.82,387.82,96.42,1365.29,1365.29,98.35,62.5,62.5,74.8,74.8,104.91,93.09,92.95,91.44,3.25,3.25,15285.92,15285.92,61.6,61.6,796.46,796.46,96.34,667.52,667.52,,,96.09,92.1,92.1,91.62,151.36,151.36,95.99,97.72,88.405,88.405,95.58,3.8,3.8,98.72,1317.2,1317.2,95.99,102.73,1197.91,1197.91,2076.83,2076.83,71.4,71.4,1282,1282,364.4,364.4,96.74,188.34,188.34,2034.66,2034.66,1325.28,1325.28,4027.35,4027.35,6,6,6,6,98.6,98.6,4598833096,4598833096,81.7,기타,81.7,,,891.48,891.48,5833.43,5833.43,1.004665385,1.004665385,77.2,77.2,74.8,74.8,2504.95,2504.95,58.9,58.9,92.31,265.32,265.32,94.51,96.35,2838.03,2838.03,4892.09,4892.09,1.149,1.149,78.9,78.9,71.5,71.5,1322.1,1322.1,309.74,309.74,5.4,5.4,2477.65,2477.65
2444.5,2444.5,2440.7,2440.7,10.27594525,-1.6634792,-14.653833,17.10810615,4.7175913,12.64761985,2.37046295,2.48831412,0.903932050,-892.348459,2009-05-01,2009-05-01,,1,65,65,93.27,95.34,99.07,99.03,71.7,71.7,207.24,207.24,95.5,95.5,69.5,69.5,74.7,74.7,93.57,67.8,67.8,90.04,96.1,412.04,412.04,96.42,1274.61,1274.61,98.35,62.5,62.5,75.1,75.1,104.91,93.09,92.95,91.44,3.25,3.25,15455.8,15455.8,61.9,61.9,724.8,724.8,96.34,719.47,719.47,,,96.09,92.3,92.3,91.62,160.8,160.8,95.99,97.72,88.405,88.405,95.58,3.8,3.8,98.72,1300.1,1300.1,95.99,102.73,1199.79,1199.79,2173.14,2173.14,71.5,71.5,1255,1255,380.48,380.48,96.74,222.27,222.27,2053.96,2053.96,1840.36,1840.36,3683.84,3683.84,6,6,6,6,98.6,98.6,4598833096,4598833096,81.8,기타,81.8,,,907.9,907.9,5713.14,5713.14,1.004665385,1.004665385,77.4,77.4,75,75,2513.05,2513.05,59,59,92.31,285.96,285.96,94.51,96.35,2877.02,2877.02,5166.9,5166.9,1.149,1.149,78.8,78.8,71.6,71.6,1400.5,1400.5,288.11,288.11,5.42,5.42,2545.76,2545.76
2444.5,2444.5,2440.7,2440.7,10.38172122,-1.629673216,-14.35150184,17.220815852,5.050655624,13.175544628,2.57046295,2.68831412,1.200526470,-892.298459,2009-06-01,2009-06-01,,1,66,66,93.27,95.34,99.07,99.03,71.7,71.7,196.58,196.58,95.7,95.7,69.6,69.6,74.6,74.6,93.57,67.7,67.7,90.04,96.1,415.86,415.86,96.42,1103.27,1103.27,98.35,62.4,62.4,75.4,75.4,104.91,93.09,92.95,91.44,3.25,3.25,16064.81,16064.81,62,62,698.73,698.73,96.34,683.61,683.61,,,96.09,92.7,92.7,91.62,158.68,158.68,95.99,97.72,88.327,88.327,95.58,3.8,3.8,98.72,1329.6,1329.6,95.99,102.73,1165.21,1165.21,2048.26,2048.26,71.7,71.7,1273.9,1273.9,386.18,386.18,96.74,246.56,246.56,2014.48,2014.48,1673.75,1673.75,3784.08,3784.08,6,6,6,6,98.6,98.6,4598833096,4598833096,82,기타,82,,,946.08,946.08,5944.11,5944.11,1.004665385,1.004665385,77.6,77.6,75.1,75.1,2511.77,2511.77,58.7,58.7,92.31,276.98,276.98,94.51,96.35,2722.86,2722.86,5160.69,5160.69,1.149,1.149,78.6,78.6,71.6,71.6,1395.24,1395.24,290.08,290.08,5.47,5.47,2498.09,2498.09
2444.5,2444.5,2440.7,2440.7,9.078826715,-3.377827152,-16.74371398,15.832515169,3.711637078,12.399832391,2.87046295,2.98831412,1.111672010,-892.238459,2009-07-01,2009-07-01,,1,67,67,93.27,95.34,99.07,99.03,71.8,71.8,213.57,213.57,96,96,69.7,69.7,74.5,74.5,93.57,67.7,67.7,90.04,96.1,505.53,505.53,96.42,1212,1212,98.35,62.5,62.5,75.8,75.8,104.91,93.09,92.95,91.44,3.25,3.25,17666.16,17666.16,62.2,62.2,770.42,770.42,96.34,698.19,698.19,,,96.09,93.5,93.5,91.62,176.73,176.73,95.99,97.72,88.641,88.641,95.58,3.7,3.7,98.72,1288.8,1288.8,95.99,102.73,1329.83,1329.83,2160.6,2160.6,72.1,72.1,1228.5,1228.5,408.1,408.1,96.74,306.74,306.74,2117.89,2117.89,1528.54,1528.54,3952.97,3952.97,6,6,6,6,98.6,98.6,4598833096,4598833096,82.3,기타,82.3,,,1051.43,1051.43,6994.04,6994.04,1.004665385,1.004665385,77.7,77.7,75.4,75.4,2824.34,2824.34,58.5,58.5,92.31,307.24,307.24,94.51,96.35,3210.68,3210.68,6004.72,6004.72,1.149,1.149,78.5,78.5,71.7,71.7,1460.03,1460.03,310.77,310.77,5.53,5.53,2600.39,2600.39
2444.5,2444.5,2440.7,2440.7,6.708318855,-6.276505744,-21.17808606,13.406617893,0.929579566,9.932955427,3.07046295,3.18831412,0.922817550,-892.158459,2009-08-01,2009-08-01,,1,68,68,93.27,95.34,99.07,99.03,71.9,71.9,219.21,219.21,96.3,96.3,69.8,69.8,74.6,74.6,93.57,67.7,67.7,90.04,96.1,499.77,499.77,96.42,1173.33,1173.33,98.35,62.5,62.5,76.2,76.2,104.91,93.09,92.95,91.44,3.25,3.25,19433.84,19433.84,62.4,62.4,794.56,794.56,96.34,708.48,708.48,,,96.09,93.9,93.9,91.62,170.47,170.47,95.99,97.72,88.955,88.955,95.58,3.7,3.7,98.72,1345.8,1345.8,95.99,102.73,1358.76,1358.76,2221.52,2221.52,72.5,72.5,1248.9,1248.9,412.68,412.68,96.74,293.54,293.54,2093.69,2093.69,1706.98,1706.98,4200.99,4200.99,6,6,6,6,98.7,98.7,4598833096,4598833096,82.5,기타,82.5,,,1001.06,1001.06,7665.18,7665.18,1.004665385,1.004665385,77.7,77.7,75.8,75.8,2946.05,2946.05,58.6,58.6,92.31,311.51,311.51,94.51,96.35,3077.89,3077.89,5716.9,5716.9,1.149,1.149,78.7,78.7,71.8,71.8,1577.91,1577.91,296.85,296.85,5.61,5.61,2752.78,2752.78
2444.5,2444.5,2440.7,2440.7,5.068590225,-8.05075288,-23.8146037,12.259403235,-0.433170430,9.049878165,3.77046295,3.88831412,1.524984740,-891.948459,2009-09-01,2009-09-01,,1,69,69,93.27,95.34,99.07,99.03,72,72,218.95,218.95,97,97,70.3,70.3,74.9,74.9,93.57,67.7,67.7,90.04,96.1,543.23,543.23,96.42,1183.41,1183.41,98.35,62.8,62.8,77.2,77.2,104.91,93.09,92.95,91.44,3.25,3.25,20288.05,20288.05,63.2,63.2,823.18,823.18,96.34,753,753,,,96.09,95,95,91.62,169.67,169.67,95.99,97.72,89.034,89.034,95.58,3.3,3.3,98.72,1315.6,1315.6,95.99,102.73,1403.57,1403.57,2288.55,2288.55,72.9,72.9,1178.1,1178.1,446.62,446.62,96.74,339.46,339.46,2284.67,2284.67,2032.78,2032.78,4054.4,4054.4,6,6,6,6,99.3,99.3,4598833096,4598833096,83.2,기타,83.2,,,1123.82,1123.82,7793.62,7793.62,1.004665385,1.004665385,78.1,78.1,76.3,76.3,3054.03,3054.03,58.7,58.7,92.31,297.07,297.07,94.51,96.35,2876.22,2876.22,5976.24,5976.24,1.149,1.149,79,79,72,72,1659.45,1659.45,310.19,310.19,5.82,5.82,2972.31,2972.31
2444.5,2444.5,2440.7,2440.7,5.648548205,-7.317109424,-22.40524426,13.177378103,0.596406586,10.051275617,4.07046295,4.18831412,2.117244780,-891.888459,2009-10-01,2009-10-01,,1,70,70,93.27,95.34,99.07,99.03,72.2,72.2,216.87,216.87,97.3,97.3,70.6,70.6,74.9,74.9,93.57,67.8,67.8,90.04,96.1,519.71,519.71,96.42,1132.87,1132.87,98.35,63,63,77.9,77.9,104.91,93.09,92.95,91.44,3.25,3.25,19299.77,19299.77,63.7,63.7,744.9,744.9,96.34,701.6,701.6,,,96.09,95.3,95.3,91.62,170.72,170.72,95.99,97.72,88.798,88.798,95.58,3.2,3.2,98.72,1299.3,1299.3,95.99,102.73,1335.97,1335.97,2133.07,2133.07,73.2,73.2,1182.5,1182.5,425.06,425.06,96.74,341.37,341.37,2268.04,2268.04,2000.16,2000.16,4150.48,4150.48,6,6,6,6,99.6,99.6,4598833096,4598833096,83.5,기타,83.5,,,1065.87,1065.87,6963.01,6963.01,1.004665385,1.004665385,78.8,78.8,77,77,2862.02,2862.02,59,59,92.31,281.47,281.47,94.51,96.35,2543.14,2543.14,6118.98,6118.98,1.149,1.149,79.3,79.3,72.3,72.3,1630.61,1630.61,305.85,305.85,5.88,5.88,2741.92,2741.92
2444.5,2444.5,2440.7,2440.7,6.596510035,-5.917943248,-19.99195702,14.287479881,2.088926022,11.197734559,4.37046295,4.48831412,2.222817550,-891.898459,2009-11-01,2009-11-01,,1,71,71,93.27,95.34,99.07,99.03,72.5,72.5,217.04,217.04,97.2,97.2,71.2,71.2,75.1,75.1,93.57,67.8,67.8,90.04,96.1,500.52,500.52,96.42,1042.42,1042.42,98.35,63.2,63.2,78.7,78.7,104.91,93.09,92.95,91.44,3.25,3.25,17823.79,17823.79,64.6,64.6,713.38,713.38,96.34,699.62,699.62,,,96.09,95.3,95.3,91.62,160.93,160.93,95.99,97.72,88.955,88.955,95.58,3.3,3.3,98.72,1348.8,1348.8,95.99,102.73,1232.61,1232.61,2140.94,2140.94,73.7,73.7,1162.8,1162.8,422.9,422.9,96.74,332.39,332.39,2318.23,2318.23,1998.7,1998.7,3770.27,3770.27,6,6,6,6,99.7,99.7,4598833096,4598833096,83.8,기타,83.8,,,1005.36,1005.36,6872.01,6872.01,1.004665385,1.004665385,78.9,78.9,77.8,77.8,2835.05,2835.05,59.6,59.6,92.31,265.52,265.52,94.51,96.35,2492.84,2492.84,6574.15,6574.15,1.149,1.149,79.4,79.4,72.5,72.5,1583.47,1583.47,291.5,291.5,5.87,5.87,2802.05,2802.05
2444.5,2444.5,2440.7,2440.7,5.32619292,-7.424886976,-22.22185424,12.833892072,0.590889264,9.661421208,4.470462950,4.588314120,1.93396309,-891.958459,2009-12-01,2009-12-01,,1,72,72,93.27,95.34,99.07,99.03,72.7,72.7,226.67,226.67,97.1,97.1,71.4,71.4,75.2,75.2,93.57,67.9,67.9,90.04,96.1,509.13,509.13,96.42,1274.31,1274.31,98.35,63.4,63.4,79.2,79.2,104.91,93.09,92.95,91.44,3.25,3.25,17596.43,17596.43,65.1,65.1,780.19,780.19,96.34,759.77,759.77,,,96.09,95.3,95.3,91.62,174.7,174.7,95.99,97.72,89.269,89.269,95.58,3.5,3.5,98.72,1264.5,1264.5,95.99,102.73,1438.47,1438.47,2264.61,2264.61,74.1,74.1,1164.5,1164.5,443.35,443.35,96.74,345.41,345.41,2375.77,2375.77,1965.51,1965.51,3976.05,3976.05,6,6,6,6,99.6,99.6,4598833096,4598833096,83.9,기타,83.9,,,1058.34,1058.34,7816.18,7816.18,1.004665385,1.004665385,79.5,79.5,78.5,78.5,3157.55,3157.55,59.9,59.9,92.31,281.62,281.62,94.51,96.35,2685.44,2685.44,7226.7,7226.7,1.149,1.149,79.5,79.5,72.7,72.7,1646.64,1646.64,293.67,293.67,5.81,5.81,3001.71,3001.71
2669,2669,2673,2673,3.941903480,-8.328458944,-23.38816656,12.072780168,-0.207674384,8.897564152,0.2001439,0.2447868,1.160898140,-892.05051,2010-01-01,2010-01-01,,1,73,73,92.6,95.54,98.94,96.09,72.7,72.7,203.51,203.51,97,97,71.6,71.6,75.2,75.2,93,68,68,90.9,93.98,472.2,472.2,94.96,1277.27,1277.27,94.13,63.5,63.5,79.7,79.7,101.01,94.01,92.61,91.66,3.25,3.25,16955.07,16955.07,65.5,65.5,702.77,702.77,96.54,715.4,715.4,,,95.01,95.4,95.4,91.81,161.71,161.71,94.95,96.08,89.974,89.974,95.11,5,5,98.1,1293.2,1293.2,94.53,100.11,1379.8,1379.8,2260.06,2260.06,74.3,74.3,1161.8,1161.8,424.11,424.11,95.43,312.94,312.94,2251.79,2251.79,1720.5,1720.5,3687.61,3687.61,5.6,5.6,5.6,5.6,99.6,99.6,5003379215,5003379215,84,기타,84,,,1171.58,1171.58,7525.16,7525.16,1.087967124,1.087967124,79.9,79.9,78.8,78.8,2975.32,2975.32,60.2,60.2,92.82,258.59,258.59,95.83,96.25,2533.69,2533.69,6374.34,6374.34,1.226,1.226,79.6,79.6,72.9,72.9,1682.16,1682.16,336.25,336.25,5.94,5.94,2759.62,2759.62
2669,2669,2673,2673,5.615013880,-6.211984064,-19.68779536,13.755564808,2.197069296,11.221013112,0.500143900,0.544786800,1.235511160,-892.15051,2010-02-01,2010-02-01,,1,74,74,92.6,95.54,98.94,96.09,73,73,195.26,195.26,97,97,72.1,72.1,75.2,75.2,93,68,68,90.9,93.98,467.43,467.43,94.96,1342.91,1342.91,94.13,63.6,63.6,80.8,80.8,101.01,94.01,92.61,91.66,3.25,3.25,16905.4,16905.4,66.3,66.3,688.11,688.11,96.54,738.86,738.86,,,95.01,95.7,95.7,91.81,165.9,165.9,94.95,96.08,90.156,90.156,95.11,4.8,4.8,98.1,1299,1299,94.53,100.11,1449.18,1449.18,2331.78,2331.78,74.6,74.6,1160,1160,434.75,434.75,95.43,309.4,309.4,2209.87,2209.87,1684.44,1684.44,3679.1,3679.1,5.6,5.6,5.6,5.6,99.5,99.5,5003379215,5003379215,84.3,기타,84.3,,,1133.93,1133.93,7175.52,7175.52,1.087967124,1.087967124,80.5,80.5,79.6,79.6,2964.05,2964.05,61,61,92.82,278.6,278.6,95.83,96.25,2507.99,2507.99,6405.09,6405.09,1.226,1.226,79.8,79.8,73.2,73.2,1598.96,1598.96,306.59,306.59,5.84,5.84,2837.58,2837.58
2669,2669,2673,2673,4.27692775,-7.9046552,-21.647323,12.32976565,0.713780300,9.50274035,0.7001439,0.7447868,1.21012418,-892.30051,2010-03-01,2010-03-01,,1,75,75,92.6,95.54,98.94,96.09,73.3,73.3,202.44,202.44,96.9,96.9,72.7,72.7,75.2,75.2,93,68.2,68.2,90.9,93.98,499.06,499.06,94.96,1439.23,1439.23,94.13,63.6,63.6,81.3,81.3,101.01,94.01,92.61,91.66,3.25,3.25,16857,16857,67.3,67.3,729.33,729.33,96.54,782.07,782.07,,,95.01,95.6,95.6,91.81,175.95,175.95,94.95,96.08,90.338,90.338,95.11,4.1,4.1,98.1,1213.6,1213.6,94.53,100.11,1550.64,1550.64,2566.2,2566.2,74.9,74.9,1131.3,1131.3,446.76,446.76,95.43,332.4,332.4,2312.44,2312.44,1895.78,1895.78,3719.07,3719.07,5.6,5.6,5.6,5.6,99.5,99.5,5003379215,5003379215,84.5,기타,84.5,,,1110.56,1110.56,7986.21,7986.21,1.087967124,1.087967124,81.2,81.2,80.2,80.2,3176.14,3176.14,61.2,61.2,92.82,284.64,284.64,95.83,96.25,2556.45,2556.45,6476.22,6476.22,1.226,1.226,79.9,79.9,73.4,73.4,1665.5,1665.5,313.15,313.15,5.69,5.69,2998.92,2998.92
2669,2669,2673,2673,2.974033245,-9.552809136,-23.43953514,10.741464967,-0.725238246,7.827028113,0.900143900,0.944786800,0.959350220,-892.50051,2010-04-01,2010-04-01,,1,76,76,92.6,95.54,98.94,96.09,73.5,73.5,182.2,182.2,96.6,96.6,73.4,73.4,75.2,75.2,93,68.3,68.3,90.9,93.98,516.74,516.74,94.96,1401.36,1401.36,94.13,63.7,63.7,82,82,101.01,94.01,92.61,91.66,3.25,3.25,18077.1,18077.1,68.3,68.3,707.89,707.89,96.54,785.34,785.34,,,95.01,95.5,95.5,91.81,172.67,172.67,94.95,96.08,90.702,90.702,95.11,3.7,3.7,98.1,1178.2,1178.2,94.53,100.11,1736.07,1736.07,2694.31,2694.31,75.2,75.2,1108.4,1108.4,425.69,425.69,95.43,339.65,339.65,2306.32,2306.32,1978.57,1978.57,3500.58,3500.58,5.6,5.6,5.6,5.6,99.3,99.3,5003379215,5003379215,84.7,기타,84.7,,,1034.83,1034.83,8494.63,8494.63,1.087967124,1.087967124,81.6,81.6,80.8,80.8,3333.15,3333.15,61.7,61.7,92.82,299.8,299.8,95.83,96.25,2540.27,2540.27,6287.72,6287.72,1.226,1.226,80,80,73.7,73.7,1730.29,1730.29,321.75,321.75,5.49,5.49,3206.63,3206.63
2669,2669,2673,2673,4.62281115,-7.567114720,-19.3857078,12.09832209,1.34889558,9.42104951,0.900143900,0.944786800,0.846656730,-892.59051,2010-05-01,2010-05-01,,1,77,77,92.6,95.54,98.94,96.09,73.6,73.6,164.41,164.41,96,96,74.3,74.3,75.1,75.1,93,68.5,68.5,90.9,93.98,462.65,462.65,94.96,1237.59,1237.59,94.13,63.8,63.8,82.5,82.5,101.01,94.01,92.61,91.66,3.25,3.25,16225.28,16225.28,69.3,69.3,615.65,615.65,96.54,757.43,757.43,,,95.01,95.1,95.1,91.81,169.92,169.92,94.95,96.08,90.793,90.793,95.11,3.2,3.2,98.1,1314.1,1314.1,94.53,100.11,1715.14,1715.14,2658.49,2658.49,75.7,75.7,1202.5,1202.5,410.6,410.6,95.43,307.84,307.84,2341.78,2341.78,1854.81,1854.81,3329.74,3329.74,5.6,5.6,5.6,5.6,98.9,98.9,5003379215,5003379215,84.7,기타,84.7,,,1003.86,1003.86,7847.03,7847.03,1.087967124,1.087967124,82,82,81.5,81.5,3166.8,3166.8,62.4,62.4,92.82,291.47,291.47,95.83,96.25,2288.76,2288.76,5941.99,5941.99,1.226,1.226,80.1,80.1,74.2,74.2,1648.3,1648.3,301.11,301.11,5.4,5.4,3098.53,3098.53
2669,2669,2673,2673,3.745232570,-8.877246496,-20.26436404,10.763217262,0.144917044,8.059711618,0.800143900,0.844786800,0.859350220,-892.67051,2010-06-01,2010-06-01,,1,78,78,92.6,95.54,98.94,96.09,73.6,73.6,179.78,179.78,95.3,95.3,75.1,75.1,74.9,74.9,93,68.6,68.6,90.9,93.98,471.44,471.44,94.96,1295.64,1295.64,94.13,63.8,63.8,82.6,82.6,101.01,94.01,92.61,91.66,3.25,3.25,16675.93,16675.93,70,70,651.93,651.93,96.54,800.15,800.15,,,95.01,94.8,94.8,91.81,181.33,181.33,94.95,96.08,90.702,90.702,95.11,3.5,3.5,98.1,1380.6,1380.6,94.53,100.11,1787.44,1787.44,3045.86,3045.86,75.9,75.9,1222.2,1222.2,433.07,433.07,95.43,315.83,315.83,2436.02,2436.02,1944.85,1944.85,3534.59,3534.59,5.6,5.6,5.6,5.6,98.5,98.5,5003379215,5003379215,84.6,기타,84.6,,,971.75,971.75,7831.71,7831.71,1.087967124,1.087967124,82.2,82.2,82.6,82.6,3271.74,3271.74,63.1,63.1,92.82,302.46,302.46,95.83,96.25,2348.49,2348.49,6004.7,6004.7,1.226,1.226,80.1,80.1,74.5,74.5,1691.94,1691.94,297.6,297.6,5.32,5.32,3432.02,3432.02
2669,2669,2673,2673,2.95734236,-10.073923008,-21.27146192,9.323679976,-0.946235088,6.606842264,0.7001439,0.7447868,0.533963240,-892.60051,2010-07-01,2010-07-01,,1,79,79,92.6,95.54,98.94,96.09,73.9,73.9,184.57,184.57,94.6,94.6,75.6,75.6,74.7,74.7,93,68.6,68.6,90.9,93.98,498.52,498.52,94.96,1351.65,1351.65,94.13,63.8,63.8,82.7,82.7,101.01,94.01,92.61,91.66,3.25,3.25,17408.55,17408.55,70.5,70.5,650.02,650.02,96.54,846.86,846.86,,,95.01,94.3,94.3,91.81,185.37,185.37,94.95,96.08,90.884,90.884,95.11,3.7,3.7,98.1,1368.7,1368.7,94.53,100.11,1860.13,1860.13,2893.95,2893.95,76,76,1182.7,1182.7,458.97,458.97,95.43,327.76,327.76,2471.99,2471.99,1895.89,1895.89,3488.86,3488.86,5.6,5.6,5.6,5.6,97.9,97.9,5003379215,5003379215,84.5,기타,84.5,,,1017.41,1017.41,7908.25,7908.25,1.087967124,1.087967124,82.4,82.4,83.9,83.9,3370.36,3370.36,64.2,64.2,92.82,305.75,305.75,95.83,96.25,2611.28,2611.28,6388.45,6388.45,1.226,1.226,80.1,80.1,74.8,74.8,1731.12,1731.12,297.92,297.92,5.39,5.39,3602.69,3602.69
2669,2669,2673,2673,2.332741290,-11.064039712,-21.86621588,8.258135614,-1.831972332,5.451453746,0.600143900,0.644786800,-0.130742600,-892.48051,2010-08-01,2010-08-01,,1,80,80,92.6,95.54,98.94,96.09,74.1,74.1,189.09,189.09,94,94,76.2,76.2,74.5,74.5,93,68.8,68.8,90.9,93.98,474.63,474.63,94.96,1262.15,1262.15,94.13,63.8,63.8,83.1,83.1,101.01,94.01,92.61,91.66,3.25,3.25,16547.21,16547.21,71.1,71.1,685.62,685.62,96.54,890.51,890.51,,,95.01,93.9,93.9,91.81,190.02,190.02,94.95,96.08,91.34,91.34,95.11,3.3,3.3,98.1,1423.8,1423.8,94.53,100.11,1865.97,1865.97,2910.22,2910.22,76,76,1198.1,1198.1,467,467,95.43,319.96,319.96,2385.82,2385.82,1618.32,1618.32,3719.28,3719.28,5.6,5.6,5.6,5.6,97.5,97.5,5003379215,5003379215,84.4,기타,84.4,,,915.75,915.75,7386.26,7386.26,1.087967124,1.087967124,82.6,82.6,84.5,84.5,3346.82,3346.82,64.4,64.4,92.82,289.21,289.21,95.83,96.25,2516.4,2516.4,6449.96,6449.96,1.226,1.226,80.2,80.2,75.1,75.1,1762.18,1762.18,294.01,294.01,5.51,5.51,3921.11,3921.11
2669,2669,2673,2673,1.255475375,-12.4267748,-23.1268395,6.810253725,-3.08715405,3.848615275,0.7001439,0.7447868,-0.932290520,-892.54051,2010-09-01,2010-09-01,,1,81,81,92.6,95.54,98.94,96.09,74.2,74.2,207.6,207.6,93.8,93.8,77,77,74.5,74.5,93,68.9,68.9,90.9,93.98,488.41,488.41,94.96,1524.24,1524.24,94.13,64,64,83.6,83.6,101.01,94.01,92.61,91.66,3.25,3.25,16292.19,16292.19,71.8,71.8,769.12,769.12,96.54,963.7,963.7,,,95.01,93.6,93.6,91.81,195.74,195.74,94.95,96.08,92.068,92.068,95.11,3.4,3.4,98.1,1368.1,1368.1,94.53,100.11,2167.49,2167.49,3284.86,3284.86,76.3,76.3,1140.2,1140.2,524.45,524.45,95.43,346.8,346.8,2540,2540,1713.05,1713.05,3889.62,3889.62,5.6,5.6,5.6,5.6,97.2,97.2,5003379215,5003379215,84.5,기타,84.5,,,943.37,943.37,7665.12,7665.12,1.087967124,1.087967124,83,83,85.2,85.2,3622.9,3622.9,64.5,64.5,92.82,300.26,300.26,95.83,96.25,2802,2802,7002.83,7002.83,1.226,1.226,80.3,80.3,75.4,75.4,1815.75,1815.75,306.76,306.76,5.45,5.45,4178.66,4178.66
2669,2669,2673,2673,-0.231622150,-14.20794448,-25.0714002,5.125675310,-4.75789678,1.85012909,0.900143900,0.944786800,-0.732290520,-892.62051,2010-10-01,2010-10-01,,1,82,82,92.6,95.54,98.94,96.09,74.2,74.2,218.21,218.21,93.6,93.6,77.9,77.9,74.6,74.6,93,69.2,69.2,90.9,93.98,486.81,486.81,94.96,1652.38,1652.38,94.13,64.1,64.1,84.2,84.2,101.01,94.01,92.61,91.66,3.25,3.25,16296.58,16296.58,72.8,72.8,798.42,798.42,96.54,970.61,970.61,,,95.01,93.4,93.4,91.81,202.99,202.99,94.95,96.08,92.068,92.068,95.11,3.3,3.3,98.1,1394.9,1394.9,94.53,100.11,2417.87,2417.87,3094.88,3094.88,76.5,76.5,1125.3,1125.3,511.37,511.37,95.43,347.07,347.07,2451.67,2451.67,1777.8,1777.8,3681.22,3681.22,5.6,5.6,5.6,5.6,97.1,97.1,5003379215,5003379215,84.7,기타,84.7,,,950.12,950.12,7492.54,7492.54,1.087967124,1.087967124,83.3,83.3,85.8,85.8,3667,3667,64.7,64.7,92.82,311,311,95.83,96.25,2785.88,2785.88,6429,6429,1.226,1.226,80.3,80.3,76,76,1889.7,1889.7,302.03,302.03,5.37,5.37,4242.5,4242.5
2669,2669,2673,2673,-0.935655745,-14.598542864,-24.51809486,4.175491533,-5.243558754,0.898675387,1.300143900,1.344786800,0.231176930,-892.65051,2010-11-01,2010-11-01,,1,83,83,92.6,95.54,98.94,96.09,74.3,74.3,213.58,213.58,93.5,93.5,79.8,79.8,75.1,75.1,93,69.6,69.6,90.9,93.98,486.95,486.95,94.96,1489.15,1489.15,94.13,64.5,64.5,85.2,85.2,101.01,94.01,92.61,91.66,3.25,3.25,15724.08,15724.08,74.3,74.3,778.83,778.83,96.54,948.91,948.91,,,95.01,93.3,93.3,91.81,197.56,197.56,94.95,96.08,91.613,91.613,95.11,3,3,98.1,1379,1379,94.53,100.11,2432.38,2432.38,3157.75,3157.75,76.9,76.9,1159.7,1159.7,516.66,516.66,95.43,324.07,324.07,2466.33,2466.33,1811.68,1811.68,3520.46,3520.46,5.6,5.6,5.6,5.6,96.9,96.9,5003379215,5003379215,85.1,기타,85.1,,,893.45,893.45,8017.12,8017.12,1.087967124,1.087967124,84.1,84.1,86.4,86.4,3757.19,3757.19,65.3,65.3,92.82,289.54,289.54,95.83,96.25,2625.29,2625.29,6416.65,6416.65,1.226,1.226,80.5,80.5,76.7,76.7,1924.71,1924.71,307.12,307.12,5.34,5.34,4395.97,4395.97
2669,2669,2673,2673,-2.49997375,-16.277396,-26.010365,2.40863075,-6.8114435,-0.893200750,1.7001439,1.7447868,0.180402970,-892.59051,2010-12-01,2010-12-01,,1,84,84,92.6,95.54,98.94,96.09,74.5,74.5,229.22,229.22,93.6,93.6,81.3,81.3,75.4,75.4,93,70.2,70.2,90.9,93.98,543.85,543.85,94.96,1654.23,1654.23,94.13,64.7,64.7,86.6,86.6,101.01,94.01,92.61,91.66,3.25,3.25,17225.33,17225.33,75.5,75.5,821.96,821.96,96.54,988.04,988.04,,,95.01,93.4,93.4,91.81,201.46,201.46,94.95,96.08,91.977,91.977,95.11,3.5,3.5,98.1,1393.6,1393.6,94.53,100.11,2631.41,2631.41,3113.33,3113.33,77.1,77.1,1134.8,1134.8,544.63,544.63,95.43,355.99,355.99,2531.42,2531.42,1794.83,1794.83,3794.35,3794.35,5.6,5.6,5.6,5.6,96.8,96.8,5003379215,5003379215,85.5,기타,85.5,,,970.95,970.95,8845.24,8845.24,1.087967124,1.087967124,84.5,84.5,87.3,87.3,4062.32,4062.32,65.9,65.9,92.82,304.13,304.13,95.83,96.25,3075.65,3075.65,6896.96,6896.96,1.226,1.226,80.7,80.7,77.4,77.4,2002.5,2002.5,308.86,308.86,5.4,5.4,4657.74,4657.74
2781.4,2781.4,2798.6,2798.6,-4.231931295,-18.044211824,-27.83807026,0.499208403,-8.565694814,-2.960382683,0.012064340,-0.157740240,-0.673157300,-892.572561,2011-01-01,2011-01-01,,1,85,85,92.66,96.96,99.8,96.86,74.8,74.8,246.05,246.05,93.8,93.8,82.9,82.9,75.9,75.9,95.74,70.8,70.8,96.21,94.14,526.1,526.1,97.05,1547.42,1547.42,93.11,65,65,87.8,87.8,101,95.43,93.47,91.42,3.25,3.25,17553.92,17553.92,76.9,76.9,815.49,815.49,98.19,985.68,985.68,,,95.66,93.5,93.5,92.91,201.73,201.73,95.27,96.16,93.07,93.07,96.54,3.8,3.8,97.44,1367.9,1367.9,94.44,98.73,2726.19,2726.19,3135.78,3135.78,77.6,77.6,1121.5,1121.5,522.66,522.66,95.6,324.97,324.97,2452.03,2452.03,1802.45,1802.45,3479.59,3479.59,5.4,5.4,5.4,5.4,96.8,96.8,7896397804,7896397804,86,기타,86,,,903.25,903.25,9102.16,9102.16,1.578212937,1.578212937,85,85,88,88,4187.77,4187.77,66.6,66.6,94.86,302.06,302.06,96.56,96.71,2969.49,2969.49,6811.6,6811.6,1.244,1.244,80.9,80.9,78,78,2091.61,2091.61,285.95,285.95,5.64,5.64,5108.11,5108.11
2781.4,2781.4,2798.6,2798.6,-2.447414265,-15.586808208,-22.22459742,2.400702501,-5.520803538,-0.502199261,0.812064340,0.642259760,-0.66201173,-892.552561,2011-02-01,2011-02-01,,1,86,86,92.66,96.96,99.8,96.86,75.4,75.4,201.12,201.12,94.2,94.2,85.1,85.1,76.1,76.1,95.74,72.1,72.1,96.21,94.14,504.46,504.46,97.05,1357.92,1357.92,93.11,65.8,65.8,89.9,89.9,101,95.43,93.47,91.42,3.25,3.25,17437.41,17437.41,78.7,78.7,776.28,776.28,98.19,904.73,904.73,,,95.66,93.8,93.8,92.91,193.58,193.58,95.27,96.16,93.707,93.707,96.54,4.5,4.5,97.44,1382.2,1382.2,94.44,98.73,2606.84,2606.84,2775.29,2775.29,78.4,78.4,1128.7,1128.7,474.76,474.76,95.6,310.42,310.42,2376.33,2376.33,1643.27,1643.27,3358.24,3358.24,5.4,5.4,5.4,5.4,96.8,96.8,7896397804,7896397804,86.8,기타,86.8,,,864.45,864.45,8605.42,8605.42,1.578212937,1.578212937,85.7,85.7,89.7,89.7,3951.28,3951.28,67.2,67.2,94.86,263.26,263.26,96.56,96.71,2658.3,2658.3,6800.26,6800.26,1.244,1.244,81.3,81.3,79.4,79.4,2002.87,2002.87,272.69,272.69,5.66,5.66,4628.65,4628.65
2781.4,2781.4,2798.6,2798.6,-2.443392365,-14.581720528,-18.61690422,2.504988041,-4.515744058,-0.397335201,1.81206434,1.642259760,-0.114024080,-892.432561,2011-03-01,2011-03-01,,1,87,87,92.66,96.96,99.8,96.86,76.1,76.1,216.85,216.85,94.6,94.6,88.7,88.7,77.1,77.1,95.74,73.8,73.8,96.21,94.14,526.74,526.74,97.05,1501.18,1501.18,93.11,66.7,66.7,91.8,91.8,101,95.43,93.47,91.42,3.25,3.25,17920.19,17920.19,80.9,80.9,829.39,829.39,98.19,991.04,991.04,,,95.66,93.9,93.9,92.91,206.62,206.62,95.27,96.16,94.072,94.072,96.54,4.3,4.3,97.44,1325.6,1325.6,94.44,98.73,3030.97,3030.97,2957.34,2957.34,79.9,79.9,1096.7,1096.7,516.01,516.01,95.6,343.22,343.22,2617.26,2617.26,1784.3,1784.3,3531.11,3531.11,5.4,5.4,5.4,5.4,96.9,96.9,7896397804,7896397804,87.8,기타,87.8,,,850.4,850.4,8674.83,8674.83,1.578212937,1.578212937,86.7,86.7,90.8,90.8,4364.06,4364.06,67.3,67.3,94.86,278.51,278.51,96.56,96.71,2684.69,2684.69,7534.52,7534.52,1.244,1.244,82.1,82.1,81.4,81.4,2002.67,2002.67,275.34,275.34,5.78,5.78,5575.02,5575.02
2781.4,2781.4,2798.6,2798.6,-5.469067735,-17.509182192,-18.10449858,-0.719023701,-7.021990862,-4.056567539,3.11206434,2.942259760,1.07328243,-892.512561,2011-04-01,2011-04-01,,1,88,88,92.66,96.96,99.8,96.86,77.5,77.5,226.64,226.64,94.8,94.8,95,95,78,78,95.74,76.5,76.5,96.21,94.14,525.08,525.08,97.05,1436.93,1436.93,93.11,67.9,67.9,93.3,93.3,101,95.43,93.47,91.42,3.25,3.25,17124.7,17124.7,84.7,84.7,835.94,835.94,98.19,1056.98,1056.98,,,95.66,93.9,93.9,92.91,216.75,216.75,95.27,96.16,94.163,94.163,96.54,3.7,3.7,97.44,1314.1,1314.1,94.44,98.73,3452.65,3452.65,2800.97,2800.97,81.4,81.4,1071.5,1071.5,541.75,541.75,95.6,351.5,351.5,2771.47,2771.47,1668.38,1668.38,3474.97,3474.97,5.4,5.4,5.4,5.4,96.9,96.9,7896397804,7896397804,89.1,기타,89.1,,,812.85,812.85,8585.7,8585.7,1.578212937,1.578212937,87.9,87.9,92.4,92.4,4603.2,4603.2,67.6,67.6,94.86,280.13,280.13,96.56,96.71,2784.78,2784.78,7388.59,7388.59,1.244,1.244,83.4,83.4,82.7,82.7,2153.13,2153.13,275.13,275.13,5.7,5.7,6148.63,6148.63
2781.4,2781.4,2798.6,2798.6,-4.840444765,-16.613977808,-16.20205142,-0.149193799,-6.031194138,-3.296314961,3.31206434,3.142259760,1.047895450,-892.452561,2011-05-01,2011-05-01,,1,89,89,92.66,96.96,99.8,96.86,77.1,77.1,206.51,206.51,94.8,94.8,95.7,95.7,78.1,78.1,95.74,77.4,77.4,96.21,94.14,482.48,482.48,97.05,1333.91,1333.91,93.11,68.2,68.2,92.6,92.6,101,95.43,93.47,91.42,3.25,3.25,16047.38,16047.38,85.6,85.6,814.32,814.32,98.19,1047.56,1047.56,,,95.66,93.9,93.9,92.91,231.77,231.77,95.27,96.16,94.345,94.345,96.54,3.2,3.2,97.44,1326.1,1326.1,94.44,98.73,3441.61,3441.61,2732.28,2732.28,81.8,81.8,1079.2,1079.2,558.57,558.57,95.6,332.79,332.79,2824.6,2824.6,1552.9,1552.9,3284.24,3284.24,5.4,5.4,5.4,5.4,96.8,96.8,7896397804,7896397804,89.3,기타,89.3,,,922.71,922.71,8360.13,8360.13,1.578212937,1.578212937,89.1,89.1,93,93,4527.85,4527.85,67.5,67.5,94.86,251.52,251.52,96.56,96.71,2402.93,2402.93,6962.4,6962.4,1.244,1.244,84,84,82.9,82.9,2121.87,2121.87,266.67,266.67,5.76,5.76,6158.12,6158.12
2781.4,2781.4,2798.6,2798.6,-3.89067308,-14.812522176,-13.08530224,0.762836472,-4.236397936,-2.247667192,3.912064340,3.74225976,1.42250847,-892.412561,2011-06-01,2011-06-01,,1,90,90,92.66,96.96,99.8,96.86,79,79,221.74,221.74,94.8,94.8,97,97,78.7,78.7,95.74,79,79,96.21,94.14,499.72,499.72,97.05,1362.39,1362.39,93.11,68.9,68.9,94.7,94.7,101,95.43,93.47,91.42,3.25,3.25,17739.93,17739.93,86.9,86.9,815.46,815.46,98.19,1007.46,1007.46,,,95.66,93.8,93.8,92.91,237.98,237.98,95.27,96.16,94.527,94.527,96.54,3.3,3.3,97.44,1328.2,1328.2,94.44,98.73,3342.85,3342.85,2833.79,2833.79,82.9,82.9,1067.7,1067.7,556.03,556.03,95.6,332.87,332.87,2859.93,2859.93,1462.07,1462.07,3441.93,3441.93,5.4,5.4,5.4,5.4,96.7,96.7,7896397804,7896397804,89.9,기타,89.9,,,886.07,886.07,7603.65,7603.65,1.578212937,1.578212937,90.5,90.5,94.2,94.2,4361.97,4361.97,67.8,67.8,94.86,259.93,259.93,96.56,96.71,2402.72,2402.72,7335.81,7335.81,1.244,1.244,84.7,84.7,84.1,84.1,2074.64,2074.64,276.41,276.41,5.8,5.8,5905,5905
2781.4,2781.4,2798.6,2798.6,-5.40733157,-16.231086304,-14.98640796,-1.153240662,-5.744327844,-4.181904218,4.31206434,4.142259760,1.259041020,-892.352561,2011-07-01,2011-07-01,,1,91,91,92.66,96.96,99.8,96.86,80.6,80.6,229.77,229.77,94.8,94.8,98,98,79.2,79.2,95.74,80.3,80.3,96.21,94.14,508.61,508.61,97.05,1509.55,1509.55,93.11,69.6,69.6,96.8,96.8,101,95.43,93.47,91.42,3.25,3.25,17793.29,17793.29,88,88,835.29,835.29,98.19,1080.02,1080.02,122.9,122.9,95.66,93.7,93.7,92.91,254.63,254.63,95.27,96.16,94.982,94.982,96.54,3.3,3.3,97.44,1360.3,1360.3,94.44,98.73,3240.53,3240.53,2881.16,2881.16,83.8,83.8,1054.5,1054.5,584.52,584.52,95.6,324.16,324.16,3181.74,3181.74,1634.67,1634.67,4071.2,4071.2,5.4,5.4,5.4,5.4,96.4,96.4,7896397804,7896397804,90.3,기타,90.3,125.5,125.5,819.57,819.57,7606.58,7606.58,1.578212937,1.578212937,90.7,90.7,95.5,95.5,4391.42,4391.42,68.3,68.3,94.86,278.7,278.7,96.56,96.71,2496.76,2496.76,7481.65,7481.65,1.244,1.244,85.5,85.5,86.1,86.1,2150.06,2150.06,258.64,258.64,5.86,5.86,5992.43,5992.43
2781.4,2781.4,2798.6,2798.6,0.236399605,-8.491799344,-2.990925060,4.660443343,1.955387466,2.543587977,4.912064340,4.74225976,1.068948200,-892.372561,2011-08-01,2011-08-01,,1,92,92,92.66,96.96,99.8,96.86,84.5,84.5,197.06,197.06,94.8,94.8,99.2,99.2,79.8,79.8,95.74,81.8,81.8,96.21,94.14,446.35,446.35,97.05,1275.52,1275.52,93.11,70.4,70.4,98.5,98.5,101,95.43,93.47,91.42,3.25,3.25,16186.1,16186.1,89.1,89.1,754.05,754.05,98.19,971.06,971.06,128.3,128.3,95.66,93.6,93.6,92.91,246.01,246.01,95.27,96.16,95.62,95.62,96.54,3,3,97.44,1393.4,1393.4,94.44,98.73,2808,2808,2700.2,2700.2,84.6,84.6,1066.8,1066.8,559.56,559.56,95.6,283.25,283.25,3087.71,3087.71,1389.37,1389.37,3598.41,3598.41,5.4,5.4,5.4,5.4,96.2,96.2,7896397804,7896397804,90.9,기타,90.9,129.9,129.9,734.6,734.6,6486.63,6486.63,1.578212937,1.578212937,91.4,91.4,97,97,3803.64,3803.64,68.6,68.6,94.86,279,279,96.56,96.71,2094.35,2094.35,6624.13,6624.13,1.244,1.244,86.5,86.5,87.7,87.7,1869.41,1869.41,255.96,255.96,5.84,5.84,5041.36,5041.36
2781.4,2781.4,2798.6,2798.6,1.814190975,-5.695902480,1.227117300,6.041660685,4.54022147,4.351758715,5.51206434,5.34225976,1.781641690,-892.452561,2011-09-01,2011-09-01,,1,93,93,92.66,96.96,99.8,96.86,86,86,167.15,167.15,94.9,94.9,100.4,100.4,80.6,80.6,95.74,83.7,83.7,96.21,94.14,410.77,410.77,97.05,1202.81,1202.81,93.11,71.4,71.4,99.9,99.9,101,95.43,93.47,91.42,3.25,3.25,15861.77,15861.77,90.2,90.2,602.02,602.02,98.19,907.26,907.26,121.7,121.7,95.66,93.5,93.5,92.91,208.26,208.26,95.27,96.16,95.529,95.529,96.54,3,3,97.44,1539,1539,94.44,98.73,2713.08,2713.08,2274.66,2274.66,85.5,85.5,1178.1,1178.1,514.75,514.75,95.6,248.42,248.42,2727.13,2727.13,1106.11,1106.11,3324.24,3324.24,5.4,5.4,5.4,5.4,95.9,95.9,7896397804,7896397804,91.5,기타,91.5,125.7,125.7,684.18,684.18,7000.42,7000.42,1.578212937,1.578212937,92.3,92.3,98.8,98.8,3638.24,3638.24,69.3,69.3,94.86,229.78,229.78,96.56,96.71,1713.46,1713.46,5742.89,5742.89,1.244,1.244,87.4,87.4,89.6,89.6,1790.95,1790.95,256.64,256.64,5.76,5.76,4328.78,4328.78
2781.4,2781.4,2798.6,2798.6,1.111766140,-5.784465792,0.783499920,4.893191124,4.056583288,3.302250636,5.912064340,5.74225976,2.407028670,-892.442561,2011-10-01,2011-10-01,,1,94,94,92.66,96.96,99.8,96.86,87,87,184.13,184.13,95,95,101.3,101.3,81.4,81.4,95.74,84.8,84.8,96.21,94.14,434.71,434.71,97.05,1288.14,1288.14,93.11,72.1,72.1,100.8,100.8,101,95.43,93.47,91.42,3.25,3.25,16262.85,16262.85,90.9,90.9,602.24,602.24,98.19,975.38,975.38,109.2,109.2,95.66,93.3,93.3,92.91,221.63,221.63,95.27,96.16,95.347,95.347,96.54,2.9,2.9,97.44,1398,1398,94.44,98.73,2831.04,2831.04,2563.7,2563.7,86.5,86.5,1110,1110,521.9,521.9,95.6,274.04,274.04,2952.47,2952.47,1297.89,1297.89,3539.2,3539.2,5.4,5.4,5.4,5.4,95.5,95.5,7896397804,7896397804,91.9,기타,91.9,116.4,116.4,804.15,804.15,8002.55,8002.55,1.578212937,1.578212937,93.3,93.3,100,100,3959.09,3959.09,70.5,70.5,94.86,247.13,247.13,96.56,96.71,1874.46,1874.46,6129.8,6129.8,1.244,1.244,88.6,88.6,91,91,1825.88,1825.88,261.05,261.05,5.77,5.77,4758.35,4758.35
2781.4,2781.4,2798.6,2798.6,0.4497614,-5.421897920,0.2171992,3.887791240,3.62379288,2.401626360,6.31206434,6.142259760,2.694335180,-892.382561,2011-11-01,2011-11-01,,1,95,95,92.66,96.96,99.8,96.86,88.3,88.3,168.46,168.46,95,95,102,102,82.6,82.6,95.74,85.5,85.5,96.21,94.14,411.15,411.15,97.05,1251.61,1251.61,93.11,73.2,73.2,101.1,101.1,101,95.43,93.47,91.42,3.25,3.25,16238.32,16238.32,92,92,616.45,616.45,98.19,941.28,941.28,100.4,100.4,95.66,93.2,93.2,92.91,222.8,222.8,95.27,96.16,95.438,95.438,96.54,2.9,2.9,97.44,1467.8,1467.8,94.44,98.73,2671.51,2671.51,2391.68,2391.68,88.8,88.8,1143,1143,491.14,491.14,95.6,267.95,267.95,3008.13,3008.13,1230.41,1230.41,3342.76,3342.76,5.4,5.4,5.4,5.4,95.2,95.2,7896397804,7896397804,92.3,기타,92.3,108.3,108.3,801.77,801.77,8209.34,8209.34,1.578212937,1.578212937,95.4,95.4,101.3,101.3,3870.62,3870.62,71.5,71.5,94.86,240.16,240.16,96.56,96.71,1656.44,1656.44,5839.23,5839.23,1.244,1.244,90.1,90.1,92,92,1858.8,1858.8,260.31,260.31,5.83,5.83,4482.73,4482.73
2781.4,2781.4,2798.6,2798.6,0.360676315,-4.834590032,0.14679482,3.592866529,3.711725398,2.093887431,6.51206434,6.34225976,2.443561220,-892.522561,2011-12-01,2011-12-01,,1,96,96,92.66,96.96,99.8,96.86,88.8,88.8,175.64,175.64,94.9,94.9,102.1,102.1,83.3,83.3,95.74,85.9,85.9,96.21,94.14,398.12,398.12,97.05,1225.93,1225.93,93.11,73.6,73.6,100.9,100.9,101,95.43,93.47,91.42,3.25,3.25,15984.28,15984.28,92.3,92.3,645.29,645.29,98.19,880.64,880.64,99,99,95.66,93,93,92.91,222.74,222.74,95.27,96.16,95.802,95.802,96.54,3,3,97.44,1481.2,1481.2,94.44,98.73,2581.73,2581.73,2312.48,2312.48,89.7,89.7,1151,1151,490.69,490.69,95.6,236.44,236.44,3103.3,3103.3,1386.32,1386.32,3395.62,3395.62,5.4,5.4,5.4,5.4,95,95,7896397804,7896397804,92.5,기타,92.5,104.7,104.7,825.58,825.58,8496.53,8496.53,1.578212937,1.578212937,97,97,102,102,3866.52,3866.52,72.6,72.6,94.86,251.22,251.22,96.56,96.71,1697.49,1697.49,5754.16,5754.16,1.244,1.244,90.6,90.6,92.8,92.8,1863.23,1863.23,254.57,254.57,5.69,5.69,4369.45,4369.45
2868.8,2868.8,2898.8,2898.8,-9.077965595,-4.441268784,-0.721790660,2.797605023,3.308963626,1.218269497,5.11065728,4.725594080,2.270496240,-892.644612,2012-01-01,2012-01-01,,1,97,97,83.78,87.03,97.34,91.23,90.6,90.6,191.56,191.56,94.6,94.6,102.3,102.3,84.4,84.4,91.88,86.8,86.8,93.64,91.09,435.59,435.59,93.99,1287.66,1287.66,87.16,75.2,75.2,100.5,100.5,94.78,92.05,89.04,90.4,3.25,3.25,16162.63,16162.63,92.2,92.2,669.5,669.5,93.89,944.87,944.87,106.3,106.3,91.12,92.8,92.8,89.13,236.89,236.89,90.6,94.44,96.184,96.184,89.96,3.5,3.5,92.17,1474.5,1474.5,90.29,96.33,2693.19,2693.19,2539.6,2539.6,90.8,90.8,1123,1123,517.42,517.42,94.18,245.36,245.36,3122.05,3122.05,1265.77,1265.77,3585.65,3585.65,5.4,5.4,5.3,5.3,94.8,94.8,8350329368,8350329368,92.8,기타,92.8,109.1,109.1,887.48,887.48,9119.75,9119.75,1.057485904,1.057485904,98.2,98.2,103.4,103.4,4137.84,4137.84,74.1,74.1,94.27,257.49,257.49,92.3,94.17,2069.09,2069.09,6444.47,6444.47,1.297,1.297,91.5,91.5,93.4,93.4,1891.01,1891.01,243.5,243.5,5.79,5.79,4823.35,4823.35
2868.8,2868.8,2898.8,2898.8,-11.334653685,-6.995966032,-5.238445180,0.192988529,0.470089398,-1.810954569,5.11065728,4.725594080,1.818483890,-892.724612,2012-02-01,2012-02-01,,1,98,98,83.78,87.03,97.34,91.23,91.2,91.2,203.14,203.14,94.5,94.5,102.1,102.1,84.7,84.7,91.88,86.8,86.8,93.64,91.09,443.53,443.53,93.99,1396.2,1396.2,87.16,75.6,75.6,100,100,94.78,92.05,89.04,90.4,3.25,3.25,16526.06,16526.06,91.9,91.9,746.35,746.35,93.89,990.51,990.51,109.9,109.9,91.12,92.5,92.5,89.13,239.6,239.6,90.6,94.44,96.549,96.549,89.96,4.2,4.2,92.17,1393.5,1393.5,90.29,96.33,2807.91,2807.91,2617.54,2617.54,91.8,91.8,1118,1118,528.6,528.6,94.18,252.25,252.25,3194.71,3194.71,1326.64,1326.64,3339.53,3339.53,5.4,5.4,5.3,5.3,94.6,94.6,8350329368,8350329368,92.8,기타,92.8,114.6,114.6,807.84,807.84,9845.67,9845.67,1.057485904,1.057485904,98.5,98.5,103.6,103.6,4334.59,4334.59,76.1,76.1,94.27,288.03,288.03,92.3,94.17,2141.06,2141.06,6683.49,6683.49,1.297,1.297,91.7,91.7,93.7,93.7,2003.23,2003.23,244,244,5.71,5.71,4909.28,4909.28
2868.8,2868.8,2898.8,2898.8,-11.740463395,-6.809312944,-6.014689060,-0.439422457,-0.040412134,-2.701738223,5.11065728,4.725594080,1.78504736,-892.694612,2012-03-01,2012-03-01,,1,99,99,83.78,87.03,97.34,91.23,91.7,91.7,199.2,199.2,94.3,94.3,102.1,102.1,85.4,85.4,91.88,87.4,87.4,93.64,91.09,451.54,451.54,93.99,1284.04,1284.04,87.16,76.1,76.1,99.8,99.8,94.78,92.05,89.04,90.4,3.25,3.25,17194.44,17194.44,91.7,91.7,726.85,726.85,93.89,954.65,954.65,104.5,104.5,91.12,92.1,92.1,89.13,229.18,229.18,90.6,94.44,96.576,96.576,89.96,3.7,3.7,92.17,1383.1,1383.1,90.29,96.33,2821.31,2821.31,2623.46,2623.46,92.5,92.5,1133,1133,515.44,515.44,94.18,266.8,266.8,3219.19,3219.19,1213.34,1213.34,3308.52,3308.52,5.4,5.4,5.3,5.3,94.4,94.4,8350329368,8350329368,92.8,기타,92.8,111.4,111.4,750.65,750.65,10161.4,10161.4,1.057485904,1.057485904,98.3,98.3,104.4,104.4,4314.66,4314.66,76.4,76.4,94.27,272.16,272.16,92.3,94.17,2041.05,2041.05,6103.66,6103.66,1.297,1.297,92.4,92.4,94.3,94.3,2023.41,2023.41,238.32,238.32,5.74,5.74,4722.29,4722.29
2868.8,2868.8,2898.8,2898.8,-11.18765324,-5.610011328,-5.05725872,-0.150374984,0.555013392,-2.533173176,5.01065728,4.62559408,1.696192870,-892.724612,2012-04-01,2012-04-01,,1,100,100,83.78,87.03,97.34,91.23,92.1,92.1,177.12,177.12,94,94,102,102,85.9,85.9,91.88,87.6,87.6,93.64,91.09,419.2,419.2,93.99,1177.11,1177.11,87.16,76.6,76.6,99.4,99.4,94.78,92.05,89.04,90.4,3.25,3.25,16606.79,16606.79,91.4,91.4,660.29,660.29,93.89,892.11,892.11,104,104,91.12,91.6,91.6,89.13,219.27,219.27,90.6,94.44,96.567,96.567,89.96,3.5,3.5,92.17,1410.4,1410.4,90.29,96.33,3026.08,3026.08,2541.55,2541.55,93.3,93.3,1130,1130,504.51,504.51,94.18,252,252,3397.75,3397.75,1391.98,1391.98,3086.99,3086.99,5.4,5.4,5.3,5.3,94.1,94.1,8350329368,8350329368,92.7,기타,92.7,110.5,110.5,735.26,735.26,10725.4,10725.4,1.057485904,1.057485904,99,99,104.7,104.7,4367.87,4367.87,77.1,77.1,94.27,255.06,255.06,92.3,94.17,1801.66,1801.66,5881.36,5881.36,1.297,1.297,92.9,92.9,94.8,94.8,1995.92,1995.92,222.65,222.65,5.71,5.71,4196.16,4196.16
2868.8,2868.8,2898.8,2898.8,-8.984255325,-2.422725840,-1.142539100,1.797458105,3.226849510,-0.368397905,4.91065728,4.525594080,1.381951400,-892.774612,2012-05-01,2012-05-01,,1,101,101,83.78,87.03,97.34,91.23,92.1,92.1,166.55,166.55,93.7,93.7,101.7,101.7,86.3,86.3,91.88,88.2,88.2,93.64,91.09,403.35,403.35,93.99,1091.97,1091.97,87.16,76.8,76.8,99.2,99.2,94.78,92.05,89.04,90.4,3.25,3.25,16099.7,16099.7,91,91,583.64,583.64,93.89,845.74,845.74,105,105,91.12,91.1,91.1,89.13,192.85,192.85,90.6,94.44,96.74,96.74,89.96,3.1,3.1,92.17,1498.4,1498.4,90.29,96.33,2788.98,2788.98,2312.64,2312.64,94,94,1180,1180,468.72,468.72,94.18,241.28,241.28,3300.4,3300.4,1055.1,1055.1,2951.88,2951.88,5.4,5.4,5.3,5.3,93.7,93.7,8350329368,8350329368,92.6,기타,92.6,109.5,109.5,744.06,744.06,9426.76,9426.76,1.057485904,1.057485904,99.2,99.2,104.5,104.5,4012.91,4012.91,79.8,79.8,94.27,242.6,242.6,92.3,94.17,1705.75,1705.75,5493.45,5493.45,1.297,1.297,93.3,93.3,95.4,95.4,1886.35,1886.35,205.61,205.61,5.66,5.66,4121.15,4121.15
2868.8,2868.8,2898.8,2898.8,-8.2251217,-1.062426240,-0.190447600,2.106353780,3.88182636,-0.150306580,4.61065728,4.225594080,1.251610830,-892.854612,2012-06-01,2012-06-01,,1,102,102,83.78,87.03,97.34,91.23,92.2,92.2,162.61,162.61,93.3,93.3,101.2,101.2,86.7,86.7,91.88,88.7,88.7,93.64,91.09,407.97,407.97,93.99,1139.07,1139.07,87.16,76.9,76.9,98.4,98.4,94.78,92.05,89.04,90.4,3.25,3.25,15990.53,15990.53,90.5,90.5,601.72,601.72,93.89,865.91,865.91,93,93,91.12,90.4,90.4,89.13,183.94,183.94,90.6,94.44,96.603,96.603,89.96,3.2,3.2,92.17,1443.3,1443.3,90.29,96.33,2700.29,2700.29,2465.54,2465.54,94.5,94.5,1145,1145,461.4,461.4,94.18,248.87,248.87,3314.29,3314.29,1134.82,1134.82,3296.8,3296.8,5.4,5.4,5.3,5.3,93.2,93.2,8350329368,8350329368,92.3,기타,92.3,99,99,819.95,819.95,9411.57,9411.57,1.057485904,1.057485904,99.6,99.6,104.1,104.1,4005.25,4005.25,79.8,79.8,94.27,248.65,248.65,92.3,94.17,1692.37,1692.37,5593.37,5593.37,1.297,1.297,93.5,93.5,95.7,95.7,1848.6,1848.6,216.47,216.47,5.58,5.58,4167.3,4167.3
2868.8,2868.8,2898.8,2898.8,-7.785729125,-0.106597200,0.150034500,1.974549025,4.034574550,-0.218908025,4.210657280,3.82559408,1.121579850,-892.984612,2012-07-01,2012-07-01,,1,103,103,83.78,87.03,97.34,91.23,92.1,92.1,152.51,152.51,92.7,92.7,100.7,100.7,87.1,87.1,91.88,88.9,88.9,93.64,91.09,394.07,394.07,93.99,1156.98,1156.98,87.16,77,77,97.8,97.8,94.78,92.05,89.04,90.4,3.25,3.25,15583.89,15583.89,90.1,90.1,590.33,590.33,93.89,892.77,892.77,96.5,96.5,91.12,89.8,89.8,89.13,174.59,174.59,90.6,94.44,96.385,96.385,89.96,3.1,3.1,92.17,1445.2,1445.2,90.29,96.33,2750.44,2750.44,2442.93,2442.93,94,94,1130,1130,453.3,453.3,94.18,246.88,246.88,3187.09,3187.09,1173.92,1173.92,3359.19,3359.19,5.4,5.4,5.3,5.3,92.6,92.6,8350329368,8350329368,91.9,기타,91.9,100.9,100.9,824.76,824.76,9987.6,9987.6,1.057485904,1.057485904,99.6,99.6,103.7,103.7,4112.72,4112.72,79.8,79.8,94.27,259.15,259.15,92.3,94.17,1665.9,1665.9,5603.73,5603.73,1.297,1.297,93.8,93.8,95.7,95.7,1826.75,1826.75,243.61,243.61,5.45,5.45,4152.35,4152.35
2868.8,2868.8,2898.8,2898.8,-9.639020645,-1.851000144,-3.794992060,-0.600227807,1.403166166,-3.260266873,3.91065728,3.525594080,0.269257910,-893.214612,2012-08-01,2012-08-01,,1,104,104,83.78,87.03,97.34,91.23,92,92,157.2,157.2,92,92,100.3,100.3,87.7,87.7,91.88,88.9,88.9,93.64,91.09,404.53,404.53,93.99,1152.65,1152.65,87.16,77.2,77.2,97,97,94.78,92.05,89.04,90.4,3.25,3.25,16839.84,16839.84,89.6,89.6,642.7,642.7,93.89,942.71,942.71,102.9,102.9,91.12,89,89,89.13,200.79,200.79,90.6,94.44,96.831,96.831,89.96,3,3,92.17,1446.4,1446.4,90.29,96.33,2732.7,2732.7,2548.43,2548.43,93.8,93.8,1134,1134,479.87,479.87,94.18,246.13,246.13,3364.06,3364.06,1525.36,1525.36,3593.29,3593.29,5.4,5.4,5.3,5.3,92,92,8350329368,8350329368,91.6,기타,91.6,105.4,105.4,853.11,853.11,9588.51,9588.51,1.057485904,1.057485904,99.8,99.8,103.6,103.6,4089.73,4089.73,79.9,79.9,94.27,276.72,276.72,92.3,94.17,1703.11,1703.11,5743.93,5743.93,1.297,1.297,94.3,94.3,95.8,95.8,1918.91,1918.91,255.61,255.61,5.22,5.22,4259.12,4259.12
2868.8,2868.8,2898.8,2898.8,-10.491261255,-2.229079536,-5.625181140,-2.008333733,-0.068937646,-4.890961187,3.51065728,3.12559408,-0.987707970,-893.304612,2012-09-01,2012-09-01,,1,105,105,83.78,87.03,97.34,91.23,92,92,164.57,164.57,91.4,91.4,100.1,100.1,88.4,88.4,91.88,88.9,88.9,93.64,91.09,422.7,422.7,93.99,1164.27,1164.27,87.16,77.4,77.4,96.8,96.8,94.78,92.05,89.04,90.4,3.25,3.25,17238.92,17238.92,89.3,89.3,663.24,663.24,93.89,974.03,974.03,106.5,106.5,91.12,88.4,88.4,89.13,207.63,207.63,90.6,94.44,97.523,97.523,89.96,2.9,2.9,92.17,1435.4,1435.4,90.29,96.33,2796.41,2796.41,2591.78,2591.78,93.7,93.7,1111.4,1111.4,499.77,499.77,94.18,247.49,247.49,3572.1,3572.1,1547.64,1547.64,3925.06,3925.06,5.4,5.4,5.3,5.3,91.5,91.5,8350329368,8350329368,91.2,기타,91.2,109,109,983.33,983.33,10315.16,10315.16,1.057485904,1.057485904,100,100,102.8,102.8,4294.69,4294.69,79.9,79.9,94.27,292.67,292.67,92.3,94.17,1860.12,1860.12,5993.53,5993.53,1.297,1.297,94.8,94.8,95.7,95.7,1961.29,1961.29,257.28,257.28,5.13,5.13,4445.67,4445.67
2868.8,2868.8,2898.8,2898.8,-10.107169805,-1.343206096,-4.890480540,-2.199064663,0.214242694,-5.026443457,3.31065728,2.92559408,-0.962320990,-893.454612,2012-10-01,2012-10-01,,1,106,106,83.78,87.03,97.34,91.23,91.9,91.9,148.98,148.98,90.8,90.8,100.1,100.1,88.8,88.8,91.88,88.9,88.9,93.64,91.09,408.6,408.6,93.99,999.59,999.59,87.16,77.6,77.6,96.9,96.9,94.78,92.05,89.04,90.4,3.25,3.25,17237.27,17237.27,89.1,89.1,659.92,659.92,93.89,932.91,932.91,109.8,109.8,91.12,87.8,87.8,89.13,203.82,203.82,90.6,94.44,97.341,97.341,89.96,2.8,2.8,92.17,1370.7,1370.7,90.29,96.33,2501.65,2501.65,2532.25,2532.25,93.7,93.7,1090.7,1090.7,479.74,479.74,94.18,232.5,232.5,3833.26,3833.26,1755.58,1755.58,4326.13,4326.13,5.4,5.4,5.3,5.3,90.9,90.9,8350329368,8350329368,91,기타,91,111.3,111.3,1008.96,1008.96,10185.39,10185.39,1.057485904,1.057485904,100.1,100.1,102.4,102.4,4087.7,4087.7,79.9,79.9,94.27,272.93,272.93,92.3,94.17,1683.99,1683.99,5496.37,5496.37,1.297,1.297,95.2,95.2,95.8,95.8,1942.19,1942.19,266.27,266.27,4.98,4.98,4171.04,4171.04
2868.8,2868.8,2898.8,2898.8,-9.35326465,0.110479520,-3.5483902,-1.89574019,0.962642220,-4.51467541,3.11065728,2.725594080,-0.733838050,-893.494612,2012-11-01,2012-11-01,,1,107,107,83.78,87.03,97.34,91.23,91.9,91.9,148.67,148.67,90.4,90.4,100,100,89.3,89.3,91.88,89,89,93.64,91.09,394.45,394.45,93.99,976.87,976.87,87.16,77.8,77.8,97.1,97.1,94.78,92.05,89.04,90.4,3.25,3.25,16449.14,16449.14,89,89,648.78,648.78,93.89,958.47,958.47,104.2,104.2,91.12,87.4,87.4,89.13,209.38,209.38,90.6,94.44,96.995,96.995,89.96,2.8,2.8,92.17,1314.7,1314.7,90.29,96.33,2516.68,2516.68,2429.3,2429.3,94,94,1082.9,1082.9,480.06,480.06,94.18,223.74,223.74,3832.46,3832.46,1263.29,1263.29,4136.87,4136.87,5.4,5.4,5.3,5.3,90.4,90.4,8350329368,8350329368,90.8,기타,90.8,106.1,106.1,986.95,986.95,10834.95,10834.95,1.057485904,1.057485904,99.7,99.7,101.7,101.7,4179.93,4179.93,79.8,79.8,94.27,285.77,285.77,92.3,94.17,1692.43,1692.43,5325.71,5325.71,1.297,1.297,95.6,95.6,96,96,1904.7,1904.7,268.09,268.09,4.94,4.94,4157.18,4157.18
2868.8,2868.8,2898.8,2898.8,-10.74363548,-1.148331456,-6.507929440,-3.977251368,-1.086420016,-6.796180952,2.81065728,2.42559408,-1.248079520,-893.594612,2012-12-01,2012-12-01,,1,108,108,83.78,87.03,97.34,91.23,92,92,155.13,155.13,89.9,89.9,99.7,99.7,89.8,89.8,91.88,89.3,89.3,93.64,91.09,416.9,416.9,93.99,1052.03,1052.03,87.16,78.4,78.4,97.2,97.2,94.78,92.05,89.04,90.4,3.25,3.25,16679.51,16679.51,88.7,88.7,655.83,655.83,93.89,962.2,962.2,102.3,102.3,91.12,86.8,86.8,89.13,211.37,211.37,90.6,94.44,97.168,97.168,89.96,2.9,2.9,92.17,1238.3,1238.3,90.29,96.33,2514.17,2514.17,2436.12,2436.12,93.7,93.7,1070.6,1070.6,493.36,493.36,94.18,231.71,231.71,3896.71,3896.71,1197.38,1197.38,4105.26,4105.26,5.4,5.4,5.3,5.3,89.8,89.8,8350329368,8350329368,90.5,기타,90.5,103.2,103.2,1063.83,1063.83,11429.91,11429.91,1.057485904,1.057485904,99.6,99.6,100.6,100.6,4325.41,4325.41,79.4,79.4,94.27,277.92,277.92,92.3,94.17,1842.06,1842.06,5579.03,5579.03,1.297,1.297,96.3,96.3,96.2,96.2,1973.84,1973.84,265.24,265.24,4.84,4.84,4340.66,4340.66
2976.1,2976.1,2995.1,2995.1,-11.79017795,-0.860206240,-7.3795226,-4.93995497,-1.696566140,-7.59434783,0.421858910,0.283529160,-2.270060890,-893.656663,2013-01-01,2013-01-01,,1,109,109,82.98,86.64,95.33,89.9,91.8,91.8,157.4,157.4,89.3,89.3,99.3,99.3,90.4,90.4,92.01,89.3,89.3,90.11,89.88,434.81,434.81,92.43,1039.26,1039.26,85.77,78.9,78.9,97.2,97.2,91.82,89.89,89.46,90.21,3.25,3.25,17409.32,17409.32,88.4,88.4,747.27,747.27,92.32,964.05,964.05,111.2,111.2,89.84,86.3,86.3,87.49,198.51,198.51,88.95,92.74,97.751,97.751,89.34,3.4,3.4,89.53,1197.6,1197.6,88.37,93.41,2379.03,2379.03,2376.3,2376.3,93.6,93.6,1089,1089,493.32,493.32,92.99,236.74,236.74,3954.15,3954.15,1586.41,1586.41,4370.16,4370.16,5.4,5.4,5.3,5.3,89.1,89.1,8564510592,8564510592,90.2,기타,90.2,109.9,109.9,1089.09,1089.09,10889.94,10889.94,1.025649434,1.025649434,99.5,99.5,99.9,99.9,4148.97,4148.97,79.2,79.2,93.89,298.32,298.32,91.86,94.31,1883.28,1883.28,5461.73,5461.73,1.187,1.187,96.8,96.8,96.1,96.1,1986.1,1986.1,282.72,282.72,5,5,4111.31,4111.31
2976.1,2976.1,2995.1,2995.1,-11.664493575,-0.301216240,-7.3391101,-5.306031845,-1.73845739,-7.742345955,0.221858910,0.083529160,-2.875014420,-893.746663,2013-02-01,2013-02-01,,1,110,110,82.98,86.64,95.33,89.9,91.6,91.6,154.03,154.03,88.9,88.9,99.1,99.1,90.8,90.8,92.01,89.4,89.4,90.11,89.88,444.34,444.34,92.43,1018.81,1018.81,85.77,79.1,79.1,97.2,97.2,91.82,89.89,89.46,90.21,3.25,3.25,17228.08,17228.08,88.2,88.2,763.48,763.48,92.32,996.62,996.62,118.8,118.8,89.84,86,86,87.49,212.84,212.84,88.95,92.74,98.078,98.078,89.34,3.9,3.9,89.53,1172,1172,88.37,93.41,2514.62,2514.62,2288,2288,93.4,93.4,1083,1083,494.76,494.76,92.99,246.75,246.75,4158.99,4158.99,1561.04,1561.04,4531.24,4531.24,5.4,5.4,5.3,5.3,88.6,88.6,8564510592,8564510592,90,기타,90,116.6,116.6,1115.62,1115.62,11592.48,11592.48,1.025649434,1.025649434,99.3,99.3,99.8,99.8,4327.31,4327.31,79.2,79.2,93.89,303.94,303.94,91.86,94.31,1945.46,1945.46,5464.51,5464.51,1.187,1.187,97,97,96.1,96.1,1979.85,1979.85,291.6,291.6,4.91,4.91,4121.13,4121.13
2976.1,2976.1,2995.1,2995.1,-11.87343128,0.034478784,-7.738771840,-5.928665648,-2.101297376,-8.195033872,0.121858910,-0.016470840,-2.862320930,-893.886663,2013-03-01,2013-03-01,,1,111,111,82.98,86.64,95.33,89.9,91.3,91.3,153.49,153.49,88.6,88.6,99.1,99.1,91.4,91.4,92.01,89.5,89.5,90.11,89.88,432.49,432.49,92.43,1055.52,1055.52,85.77,79.3,79.3,97.2,97.2,91.82,89.89,89.46,90.21,3.25,3.25,16940.98,16940.98,88.1,88.1,761.52,761.52,92.32,983.64,983.64,112.8,112.8,89.84,85.8,85.8,87.49,227.83,227.83,88.95,92.74,97.987,97.987,89.34,3.5,3.5,89.53,1181.5,1181.5,88.37,93.41,2503.22,2503.22,2094.5,2094.5,93.3,93.3,1111,1111,513.53,513.53,92.99,241.44,241.44,4222.37,4222.37,1832.92,1832.92,4739.09,4739.09,5.4,5.4,5.3,5.3,88.2,88.2,8564510592,8564510592,89.9,기타,89.9,114.3,114.3,1067.06,1067.06,11606.33,11606.33,1.025649434,1.025649434,99.1,99.1,99.6,99.6,4293.2,4293.2,79.1,79.1,93.89,340.68,340.68,91.86,94.31,1872.17,1872.17,5175.05,5175.05,1.187,1.187,97.2,97.2,96.1,96.1,1990.24,1990.24,290.35,290.35,4.77,4.77,3953.8,3953.8
2976.1,2976.1,2995.1,2995.1,-10.84060736,1.940995008,-5.46315808,-4.628138976,-0.602022912,-6.745943264,0.321858910,0.183529160,-2.493899890,-893.926663,2013-04-01,2013-04-01,,1,112,112,82.98,86.64,95.33,89.9,91.4,91.4,128.73,128.73,88.6,88.6,99.4,99.4,92,92,92.01,89.8,89.8,90.11,89.88,421.62,421.62,92.43,998.91,998.91,85.77,80.2,80.2,97.5,97.5,91.82,89.89,89.46,90.21,3.25,3.25,17163.13,17163.13,88.1,88.1,747.56,747.56,92.32,977.36,977.36,115.8,115.8,89.84,86,86,87.49,244.61,244.61,88.95,92.74,97.851,97.851,89.34,3.2,3.2,89.53,1126.6,1126.6,88.37,93.41,2279.26,2279.26,1920.29,1920.29,93.4,93.4,1101,1101,502.64,502.64,92.99,233.53,233.53,4519.91,4519.91,1920.42,1920.42,4902.18,4902.18,5.4,5.4,5.3,5.3,88.4,88.4,8564510592,8564510592,90.1,기타,90.1,115.6,115.6,1112.89,1112.89,11620.51,11620.51,1.025649434,1.025649434,98.8,98.8,99.7,99.7,4198.1,4198.1,79.3,79.3,93.89,391.85,391.85,91.86,94.31,1806.84,1806.84,5007.68,5007.68,1.187,1.187,97.5,97.5,96.4,96.4,1938.88,1938.88,313.95,313.95,4.73,4.73,3827.05,3827.05
2976.1,2976.1,2995.1,2995.1,-11.555902275,1.83615112,-6.6313937,-5.290322265,-1.301851430,-7.411016335,0.521858910,0.383529160,-2.293899890,-894.036663,2013-05-01,2013-05-01,,1,113,113,82.98,86.64,95.33,89.9,91.5,91.5,145.95,145.95,88.8,88.8,99.6,99.6,92.8,92.8,92.01,90,90,90.11,89.88,433.54,433.54,92.43,1062.4,1062.4,85.77,81,81,97.6,97.6,91.82,89.89,89.46,90.21,3.25,3.25,17428.48,17428.48,88.2,88.2,795.33,795.33,92.32,998.19,998.19,115.6,115.6,89.84,86.2,86.2,87.49,245.11,245.11,88.95,92.74,97.851,97.851,89.34,3,3,89.53,1120.2,1120.2,88.37,93.41,2439.16,2439.16,1959,1959,93.4,93.4,1129.7,1129.7,488.52,488.52,92.99,233.49,233.49,4100.49,4100.49,1733.11,1733.11,4622.48,4622.48,5.4,5.4,5.3,5.3,88.5,88.5,8564510592,8564510592,90.3,기타,90.3,114.8,114.8,941.22,941.22,11804.37,11804.37,1.025649434,1.025649434,98.7,98.7,99.6,99.6,4289.98,4289.98,79.2,79.2,93.89,375.77,375.77,91.86,94.31,1870.68,1870.68,5119.67,5119.67,1.187,1.187,97.9,97.9,96.6,96.6,1974.45,1974.45,341.03,341.03,4.62,4.62,3903.65,3903.65
2976.1,2976.1,2995.1,2995.1,-9.745242895,4.926624656,-3.06791506,-3.360972157,1.075926466,-5.421216523,0.621858910,0.483529160,-2.046531480,-894.136663,2013-06-01,2013-06-01,,1,114,114,82.98,86.64,95.33,89.9,91.3,91.3,131.81,131.81,88.8,88.8,99.7,99.7,93.6,93.6,92.01,90.1,90.1,90.11,89.88,407.26,407.26,92.43,984.11,984.11,85.77,81.9,81.9,97.7,97.7,91.82,89.89,89.46,90.21,3.25,3.25,17299.48,17299.48,88.1,88.1,727.45,727.45,92.32,926.24,926.24,106.2,106.2,89.84,86,86,87.49,225.73,225.73,88.95,92.74,97.732,97.732,89.34,3.1,3.1,89.53,1156.3,1156.3,88.37,93.41,2472.63,2472.63,1909.25,1909.25,93.5,93.5,1142,1142,465.67,465.67,92.99,205.29,205.29,3707.84,3707.84,1693.4,1693.4,4215.3,4215.3,5.4,5.4,5.3,5.3,88.5,88.5,8564510592,8564510592,90.4,기타,90.4,109.5,109.5,921.52,921.52,10449.54,10449.54,1.025649434,1.025649434,98.5,98.5,99.3,99.3,3962.26,3962.26,79.3,79.3,93.89,348.17,348.17,91.86,94.31,1670.32,1670.32,4676.1,4676.1,1.187,1.187,98.1,98.1,96.6,96.6,1884.41,1884.41,334.58,334.58,4.52,4.52,3590.39,3590.39
2976.1,2976.1,2995.1,2995.1,-9.491058815,6.448166032,-2.58170482,-3.190126029,1.395685602,-5.613807931,0.621858910,0.483529160,-2.306593380,-894.056663,2013-07-01,2013-07-01,,1,115,115,82.98,86.64,95.33,89.9,91.2,91.2,133.55,133.55,88.6,88.6,99.7,99.7,94.8,94.8,92.01,90,90,90.11,89.88,421.25,421.25,92.43,1036.83,1036.83,85.77,83.2,83.2,97.4,97.4,91.82,89.89,89.46,90.21,3.25,3.25,17570.47,17570.47,88,88,735.81,735.81,92.32,959.68,959.68,111.6,111.6,89.84,85.5,85.5,87.49,227.65,227.65,88.95,92.74,97.942,97.942,89.34,3.1,3.1,89.53,1148,1148,88.37,93.41,2584.02,2584.02,1946.02,1946.02,93.6,93.6,1123.5,1123.5,483.23,483.23,92.99,212.98,212.98,3855.91,3855.91,1867.25,1867.25,4825.8,4825.8,5.4,5.4,5.3,5.3,88.4,88.4,8564510592,8564510592,90.4,기타,90.4,110.8,110.8,1007.23,1007.23,10056.37,10056.37,1.025649434,1.025649434,98.2,98.2,99.1,99.1,4041.93,4041.93,79.3,79.3,93.89,340.74,340.74,91.86,94.31,1667.45,1667.45,5022.29,5022.29,1.187,1.187,98.4,98.4,96.7,96.7,1871.77,1871.77,353.35,353.35,4.6,4.6,3911.13,3911.13
2976.1,2976.1,2995.1,2995.1,-9.997617120,6.307372736,-3.650663360,-3.829889792,0.558444096,-6.626436288,0.421858910,0.283529160,-2.93507632,-894.106663,2013-08-01,2013-08-01,,1,116,116,82.98,86.64,95.33,89.9,91.2,91.2,130.57,130.57,88.4,88.4,99.6,99.6,95.3,95.3,92.01,90,90,90.11,89.88,412.46,412.46,92.43,1055.37,1055.37,85.77,83.9,83.9,97.2,97.2,91.82,89.89,89.46,90.21,3.25,3.25,17451.65,17451.65,87.9,87.9,723.83,723.83,92.32,930.27,930.27,121.7,121.7,89.84,85.1,85.1,87.49,210.92,210.92,88.95,92.74,98.288,98.288,89.34,3,3,89.53,1130.6,1130.6,88.37,93.41,2699.35,2699.35,1941.58,1941.58,93.4,93.4,1110,1110,468.81,468.81,92.99,211.22,211.22,3588.17,3588.17,1790.44,1790.44,4392.41,4392.41,5.4,5.4,5.3,5.3,88.3,88.3,8564510592,8564510592,90.2,기타,90.2,118.8,118.8,1033.9,1033.9,10582.76,10582.76,1.025649434,1.025649434,97.9,97.9,98.9,98.9,4140.41,4140.41,79.1,79.1,93.89,322.59,322.59,91.86,94.31,1540.31,1540.31,5103.27,5103.27,1.187,1.187,98.5,98.5,96.7,96.7,1896.96,1896.96,350.37,350.37,4.55,4.55,3854.14,3854.14
2976.1,2976.1,2995.1,2995.1,-11.755790705,4.683293424,-7.013745740,-5.603313603,-1.553307586,-8.652760117,0.521858910,0.383529160,-3.071608810,-894.116663,2013-09-01,2013-09-01,,1,117,117,82.98,86.64,95.33,89.9,91.2,91.2,140.61,140.61,88.4,88.4,99.6,99.6,95.9,95.9,92.01,90,90,90.11,89.88,430,430,92.43,1132.86,1132.86,85.77,84.4,84.4,97.1,97.1,91.82,89.89,89.46,90.21,3.25,3.25,17454.44,17454.44,87.8,87.8,776.72,776.72,92.32,989.33,989.33,126.5,126.5,89.84,85.2,85.2,87.49,226.83,226.83,88.95,92.74,98.479,98.479,89.34,2.7,2.7,89.53,1098.3,1098.3,88.37,93.41,2794.1,2794.1,2038.02,2038.02,93.4,93.4,1074.7,1074.7,502.78,502.78,92.99,222.28,222.28,3812.58,3812.58,1883.01,1883.01,4638.52,4638.52,5.4,5.4,5.3,5.3,88.4,88.4,8564510592,8564510592,90.3,기타,90.3,124.3,124.3,1034.87,1034.87,10632.62,10632.62,1.025649434,1.025649434,97.7,97.7,98.8,98.8,4266.54,4266.54,78.9,78.9,93.89,331.01,331.01,91.86,94.31,1630.61,1630.61,5229.15,5229.15,1.187,1.187,98.7,98.7,96.8,96.8,1984.39,1984.39,340.43,340.43,4.54,4.54,4124.16,4124.16
2976.1,2976.1,2995.1,2995.1,-12.66654996,4.431188288,-8.555870880,-5.873774136,-2.299026832,-9.354226504,0.921858910,0.783529160,-2.300091810,-894.196663,2013-10-01,2013-10-01,,1,118,118,82.98,86.64,95.33,89.9,91.5,91.5,137.23,137.23,88.8,88.8,99.8,99.8,96.8,96.8,92.01,90.1,90.1,90.11,89.88,445.47,445.47,92.43,1090.29,1090.29,85.77,85.2,85.2,97.3,97.3,91.82,89.89,89.46,90.21,3.25,3.25,17666,17666,88,88,774.51,774.51,92.32,990.29,990.29,127.4,127.4,89.84,85.6,85.6,87.49,232.7,232.7,88.95,92.74,98.179,98.179,89.34,2.7,2.7,89.53,1078.7,1078.7,88.37,93.41,2777,2777,1969.37,1969.37,93.7,93.7,1060.7,1060.7,520.32,520.32,92.99,228.96,228.96,3805.82,3805.82,1827.34,1827.34,4539.91,4539.91,5.4,5.4,5.3,5.3,89.1,89.1,8564510592,8564510592,90.7,기타,90.7,126,126,1016.28,1016.28,11152.38,11152.38,1.025649434,1.025649434,97.7,97.7,98.8,98.8,4342.44,4342.44,78.9,78.9,93.89,348.59,348.59,91.86,94.31,1629.95,1629.95,5164.92,5164.92,1.187,1.187,99.3,99.3,97,97,2029.68,2029.68,348,348,4.46,4.46,4171.66,4171.66
2976.1,2976.1,2995.1,2995.1,-12.26918624,5.733851072,-7.695782720,-5.050362784,-1.499150208,-8.773657376,1.22185891,1.08352916,-1.9765624,-894.156663,2013-11-01,2013-11-01,,1,119,119,82.98,86.64,95.33,89.9,91.8,91.8,134.82,134.82,89,89,99.9,99.9,97.6,97.6,92.01,90.3,90.3,90.11,89.88,438.52,438.52,92.43,1005.94,1005.94,85.77,86.2,86.2,97.5,97.5,91.82,89.89,89.46,90.21,3.25,3.25,18038.68,18038.68,88.1,88.1,784,784,92.32,1030.5,1030.5,121.3,121.3,89.84,85.7,85.7,87.49,245.01,245.01,88.95,92.74,98.16,98.16,89.34,2.6,2.6,89.53,1035,1035,88.37,93.41,2810.01,2810.01,1855.69,1855.69,93.9,93.9,1058.2,1058.2,524.01,524.01,92.99,214.21,214.21,3725.31,3725.31,1829.39,1829.39,4419.02,4419.02,5.4,5.4,5.3,5.3,89.5,89.5,8564510592,8564510592,91,기타,91,119.7,119.7,1111.95,1111.95,11400.22,11400.22,1.025649434,1.025649434,97.6,97.6,99,99,4373.75,4373.75,78.8,78.8,93.89,343.45,343.45,91.86,94.31,1566.32,1566.32,5109.57,5109.57,1.187,1.187,100.1,100.1,97.2,97.2,2009.92,2009.92,335.89,335.89,4.5,4.5,4135.77,4135.77
2976.1,2976.1,2995.1,2995.1,-11.835022135,7.083066128,-6.76530178,-4.387738741,-0.752979342,-8.248582099,1.42185891,1.28352916,-1.92393081,-894.136663,2013-12-01,2013-12-01,,1,120,120,82.98,86.64,95.33,89.9,92.1,92.1,129.71,129.71,89.2,89.2,100,100,98.4,98.4,92.01,90.3,90.3,90.11,89.88,452.48,452.48,92.43,962.83,962.83,85.77,87.4,87.4,97.7,97.7,91.82,89.89,89.46,90.21,3.25,3.25,18372.19,18372.19,88.2,88.2,782.63,782.63,92.32,1047.2,1047.2,112.6,112.6,89.84,85.7,85.7,87.49,243.98,243.98,88.95,92.74,98.279,98.279,89.34,3,3,89.53,1002.3,1002.3,88.37,93.41,2657.58,2657.58,1899.19,1899.19,93.9,93.9,1055.4,1055.4,525.51,525.51,92.99,227.04,227.04,3872.73,3872.73,1789.69,1789.69,4227.26,4227.26,5.4,5.4,5.3,5.3,89.7,89.7,8564510592,8564510592,91.2,기타,91.2,113,113,1178.16,1178.16,10693.84,10693.84,1.025649434,1.025649434,97.4,97.4,99,99,4204.21,4204.21,78.9,78.9,93.89,329.12,329.12,91.86,94.31,1518.14,1518.14,5180.48,5180.48,1.187,1.187,100.7,100.7,97.5,97.5,1988.33,1988.33,334.38,334.38,4.52,4.52,4149.54,4149.54
3079.9,3079.9,3094.8,3094.8,-8.778430090,9.703400352,-5.122430520,-3.228273694,0.561699372,-6.973094866,-0.298805310,-0.323572320,-2.277800730,-894.348714,2014-01-01,2014-01-01,,1,121,121,85.23,88.25,95.34,89.32,92.3,92.3,126.42,126.42,89.5,89.5,100.1,100.1,100,100,92.26,90.3,90.3,91.53,89.93,434.84,434.84,92.83,972.82,972.82,88.07,88.7,88.7,98.1,98.1,92.94,90.84,91.26,91.75,3.25,3.25,17944.49,17944.49,88.3,88.3,820.62,820.62,93.09,1011.76,1011.76,128.8,128.8,90.85,86,86,89.03,238.7,238.7,89.97,93.38,98.807,98.807,90.41,3.4,3.4,90.41,1035.9,1035.9,89.69,92.88,2597.1,2597.1,1957.24,1957.24,94,94,1070.4,1070.4,511.7,511.7,93.78,233.61,233.61,3809.1,3809.1,1957.47,1957.47,4476.57,4476.57,5.4,5.4,5.3,5.3,90,90,9060836021,9060836021,91.5,기타,91.5,124.7,124.7,1183.73,1183.73,10126.63,10126.63,1.057951406,1.057951406,97.2,97.2,99,99,4040.89,4040.89,79.4,79.4,94.12,327.46,327.46,92.95,94.89,1489.19,1489.19,4882.35,4882.35,1.205,1.205,101.3,101.3,97.9,97.9,1948.22,1948.22,321.66,321.66,4.53,4.53,3927.01,3927.01
3079.9,3079.9,3094.8,3094.8,-8.567481435,10.870249168,-4.51892218,-2.703497121,1.127069098,-6.417974919,0.001194690,-0.023572320,-2.304735690,-894.428714,2014-02-01,2014-02-01,,1,122,122,85.23,88.25,95.34,89.32,92.3,92.3,138.16,138.16,89.8,89.8,100.3,100.3,100.9,100.9,92.26,90.6,90.6,91.53,89.93,431.87,431.87,92.83,970.81,970.81,88.07,89.5,89.5,98.1,98.1,92.94,90.84,91.26,91.75,3.25,3.25,17257.13,17257.13,88.4,88.4,944.19,944.19,93.09,1062.21,1062.21,132.6,132.6,90.85,86.3,86.3,89.03,241.82,241.82,89.97,93.38,99.071,99.071,90.41,4.5,4.5,90.41,1049.5,1049.5,89.69,92.88,2634.67,2634.67,1982.48,1982.48,94.1,94.1,1067.5,1067.5,508.41,508.41,93.78,254.1,254.1,3913.63,3913.63,1944.47,1944.47,4565.62,4565.62,5.4,5.4,5.3,5.3,90.3,90.3,9060836021,9060836021,91.8,기타,91.8,129.7,129.7,1237.45,1237.45,10514.61,10514.61,1.057951406,1.057951406,97.1,97.1,98.9,98.9,4123.43,4123.43,79.6,79.6,94.12,336.5,336.5,92.95,94.89,1496.45,1496.45,4693.67,4693.67,1.205,1.205,101.6,101.6,98,98,1937.73,1937.73,318.1,318.1,4.45,4.45,3962.88,3962.88
3079.9,3079.9,3094.8,3094.8,-8.863091085,11.096304688,-4.88437238,-2.418484311,1.155197318,-6.475483329,0.401194690,0.376427680,-2.13012267,-894.418714,2014-03-01,2014-03-01,,1,123,123,85.23,88.25,95.34,89.32,92.3,92.3,137.82,137.82,90.3,90.3,100.5,100.5,101.5,101.5,92.26,90.8,90.8,91.53,89.93,431.59,431.59,92.83,1032.24,1032.24,88.07,90.1,90.1,98.1,98.1,92.94,90.84,91.26,91.75,3.25,3.25,17440.06,17440.06,88.5,88.5,1025.96,1025.96,93.09,1064.3,1064.3,117.1,117.1,90.85,86.6,86.6,89.03,250.92,250.92,89.97,93.38,99.253,99.253,90.41,3.9,3.9,90.41,1035,1035,89.69,92.88,2680.2,2680.2,1967.62,1967.62,94.4,94.4,1064.7,1064.7,505.84,505.84,93.78,252.28,252.28,3908.37,3908.37,2139.46,2139.46,4404.01,4404.01,5.4,5.4,5.3,5.3,90.9,90.9,9060836021,9060836021,92.2,기타,92.2,118.8,118.8,1203.58,1203.58,10510.89,10510.89,1.057951406,1.057951406,96.9,96.9,99,99,4152.48,4152.48,79.4,79.4,94.12,338,338,92.95,94.89,1509.73,1509.73,4837.26,4837.26,1.205,1.205,102.1,102.1,98.3,98.3,1952.43,1952.43,315.02,315.02,4.46,4.46,3923.78,3923.78
3079.9,3079.9,3094.8,3094.8,-9.642535305,10.710312304,-6.17531454,-3.049021963,0.274670094,-7.418138157,0.501194690,0.476427680,-2.10937963,-894.458714,2014-04-01,2014-04-01,,1,124,124,85.23,88.25,95.34,89.32,92.2,92.2,137.68,137.68,90.2,90.2,100.7,100.7,102.1,102.1,92.26,91,91,91.53,89.93,421.74,421.74,92.83,973.72,973.72,88.07,90.7,90.7,97.9,97.9,92.94,90.84,91.26,91.75,3.25,3.25,17096.33,17096.33,88.6,88.6,1038.55,1038.55,93.09,1038.71,1038.71,116.2,116.2,90.85,86.6,86.6,89.03,249.14,249.14,89.97,93.38,99.317,99.317,90.41,3.8,3.8,90.41,1009.2,1009.2,89.69,92.88,2456.3,2456.3,1926.1,1926.1,94.7,94.7,1033.2,1033.2,506.95,506.95,93.78,237.91,237.91,4028.74,4028.74,2112.75,2112.75,4433.83,4433.83,5.4,5.4,5.3,5.3,91.1,91.1,9060836021,9060836021,92.3,기타,92.3,117.8,117.8,1281.47,1281.47,10648.2,10648.2,1.057951406,1.057951406,96.9,96.9,98.9,98.9,4095.94,4095.94,79.4,79.4,94.12,334.6,334.6,92.95,94.89,1549.07,1549.07,4935.75,4935.75,1.205,1.205,102.5,102.5,98.5,98.5,1991.19,1991.19,320.92,320.92,4.42,4.42,3914.82,3914.82
3079.9,3079.9,3094.8,3094.8,-9.701657235,11.035523408,-6.08840458,-3.012019401,0.200295738,-7.489639839,0.501194690,0.476427680,-2.31247559,-894.478714,2014-05-01,2014-05-01,,1,125,125,85.23,88.25,95.34,89.32,92.2,92.2,131.82,131.82,90.2,90.2,100.9,100.9,102.5,102.5,92.26,91,91,91.53,89.93,424.37,424.37,92.83,987.67,987.67,88.07,91.1,91.1,97.8,97.8,92.94,90.84,91.26,91.75,3.25,3.25,17456.83,17456.83,88.6,88.6,1066.19,1066.19,93.09,1054.94,1054.94,113.6,113.6,90.85,86.6,86.6,89.03,258.35,258.35,89.97,93.38,99.481,99.481,90.41,3.5,3.5,90.41,1003.8,1003.8,89.69,92.88,2420.24,2420.24,1998.5,1998.5,95,95,1020.1,1020.1,505.4,505.4,93.78,261.9,261.9,4155.19,4155.19,2179.51,2179.51,4346.21,4346.21,5.4,5.4,5.3,5.3,91.2,91.2,9060836021,9060836021,92.3,기타,92.3,115.3,115.3,1253.15,1253.15,11340.74,11340.74,1.057951406,1.057951406,96.7,96.7,98.7,98.7,4204.17,4204.17,79.5,79.5,94.12,336.2,336.2,92.95,94.89,1518.84,1518.84,4918.05,4918.05,1.205,1.205,102.8,102.8,98.7,98.7,1994.13,1994.13,316.82,316.82,4.4,4.4,3946.89,3946.89
3079.9,3079.9,3094.8,3094.8,-9.720761260,11.311356928,-5.924947280,-3.032375716,0.276263208,-7.612744124,0.601194690,0.576427680,-2.05396167,-894.478714,2014-06-01,2014-06-01,,1,126,126,85.23,88.25,95.34,89.32,92.1,92.1,138.4,138.4,90.1,90.1,101.1,101.1,102.8,102.8,92.26,91.1,91.1,91.53,89.93,429.65,429.65,92.83,969.65,969.65,88.07,91.4,91.4,97.7,97.7,92.94,90.84,91.26,91.75,3.25,3.25,17381.45,17381.45,88.7,88.7,1165.47,1165.47,93.09,1084.71,1084.71,107,107,90.85,86.5,86.5,89.03,265.24,265.24,89.97,93.38,99.353,99.353,90.41,3.5,3.5,90.41,999,999,89.69,92.88,2403.57,2403.57,2020.68,2020.68,95.4,95.4,1011.8,1011.8,521.14,521.14,93.78,252.83,252.83,4332.4,4332.4,1733.22,1733.22,4407.93,4407.93,5.4,5.4,5.3,5.3,91.2,91.2,9060836021,9060836021,92.4,기타,92.4,109.2,109.2,1203.73,1203.73,10852.81,10852.81,1.057951406,1.057951406,96.5,96.5,98.6,98.6,4173.9,4173.9,79.3,79.3,94.12,330.84,330.84,92.95,94.89,1542.78,1542.78,5117.97,5117.97,1.205,1.205,103.2,103.2,98.9,98.9,1995.08,1995.08,330.09,330.09,4.4,4.4,4099.72,4099.72
3079.9,3079.9,3094.8,3094.8,-10.261103525,10.82782712,-6.8585287,-3.508138015,-0.403477930,-8.266230585,0.601194690,0.576427680,-2.23476661,-894.488714,2014-07-01,2014-07-01,,1,127,127,85.23,88.25,95.34,89.32,92,92,153.6,153.6,90.1,90.1,101.2,101.2,103,103,92.26,91.2,91.2,91.53,89.93,476.48,476.48,92.83,973.36,973.36,88.07,91.6,91.6,97.7,97.7,92.94,90.84,91.26,91.75,3.25,3.25,18473.47,18473.47,88.8,88.8,1138.89,1138.89,93.09,1078.82,1078.82,115,115,90.85,86.5,86.5,89.03,268.45,268.45,89.97,93.38,99.499,99.499,90.41,3.4,3.4,90.41,1000.6,1000.6,89.69,92.88,2489.29,2489.29,2067.79,2067.79,95.9,95.9,1027.9,1027.9,534.98,534.98,93.78,288.63,288.63,4430.25,4430.25,1727.21,1727.21,4273.73,4273.73,5.4,5.4,5.3,5.3,91.3,91.3,9060836021,9060836021,92.4,기타,92.4,115.8,115.8,1355.87,1355.87,10916.06,10916.06,1.057951406,1.057951406,96.2,96.2,98.4,98.4,4265.2,4265.2,79.3,79.3,94.12,337.83,337.83,92.95,94.89,1866.18,1866.18,5581.5,5581.5,1.205,1.205,103.6,103.6,99.2,99.2,2021.95,2021.95,362.67,362.67,4.39,4.39,4146.74,4146.74
3079.9,3079.9,3094.8,3094.8,-11.044971835,10.036238288,-8.057933380,-4.143389761,-1.189570582,-9.114235879,0.801194690,0.776427680,-2.249008080,-894.698714,2014-08-01,2014-08-01,,1,128,128,85.23,88.25,95.34,89.32,92,92,149.33,149.33,90.3,90.3,101.5,101.5,103.2,103.2,92.26,91.4,91.4,91.53,89.93,490.2,490.2,92.83,952.07,952.07,88.07,92,92,97.7,97.7,92.94,90.84,91.26,91.75,3.25,3.25,18701.68,18701.68,88.9,88.9,1250.19,1250.19,93.09,1110.03,1110.03,125.5,125.5,90.85,86.6,86.6,89.03,299.22,299.22,89.97,93.38,99.672,99.672,90.41,3.3,3.3,90.41,976.7,976.7,89.69,92.88,2428.58,2428.58,2325.92,2325.92,96.3,96.3,1014,1014,562.52,562.52,93.78,329.09,329.09,4667.82,4667.82,1759.27,1759.27,4371.75,4371.75,5.4,5.4,5.3,5.3,91.5,91.5,9060836021,9060836021,92.6,기타,92.6,123.4,123.4,1328.76,1328.76,10262.92,10262.92,1.057951406,1.057951406,96,96,98.3,98.3,4142.74,4142.74,79.5,79.5,94.12,347.84,347.84,92.95,94.89,1971.86,1971.86,5538.5,5538.5,1.205,1.205,103.8,103.8,99.4,99.4,2060.93,2060.93,381.72,381.72,4.18,4.18,4098.5,4098.5
3079.9,3079.9,3094.8,3094.8,-10.678576745,10.899725936,-7.15708286,-3.452977067,-0.428651954,-8.371120013,1.101194690,1.07642768,-1.869751120,-894.738714,2014-09-01,2014-09-01,,1,129,129,85.23,88.25,95.34,89.32,92.1,92.1,143.96,143.96,90.8,90.8,101.7,101.7,103.6,103.6,92.26,91.6,91.6,91.53,89.93,470.92,470.92,92.83,891.5,891.5,88.07,92.4,92.4,97.9,97.9,92.94,90.84,91.26,91.75,3.25,3.25,18589.18,18589.18,89.1,89.1,1254.69,1254.69,93.09,1144.96,1144.96,127.9,127.9,90.85,86.9,86.9,89.03,329.86,329.86,89.97,93.38,99.608,99.608,90.41,3.1,3.1,90.41,965,965,89.69,92.88,2139.04,2139.04,2361.21,2361.21,96.6,96.6,1055.2,1055.2,565.15,565.15,93.78,298.71,298.71,4774.29,4774.29,1890.82,1890.82,4693.72,4693.72,5.4,5.4,5.3,5.3,91.8,91.8,9060836021,9060836021,92.9,기타,92.9,126.2,126.2,1465.93,1465.93,9831.64,9831.64,1.057951406,1.057951406,95.9,95.9,98.3,98.3,3953.6,3953.6,79.7,79.7,94.12,357.79,357.79,92.95,94.89,1851.98,1851.98,5388.87,5388.87,1.205,1.205,104,104,99.8,99.8,2042.71,2042.71,400.84,400.84,4.14,4.14,4039.88,4039.88
3079.9,3079.9,3094.8,3094.8,-8.669436600,13.84127648,-2.913944800,-1.01213556,2.39881128,-5.54127884,1.40119469,1.37642768,-1.198234120,-894.878714,2014-10-01,2014-10-01,,1,130,130,85.23,88.25,95.34,89.32,92.2,92.2,128.3,128.3,91.2,91.2,102.1,102.1,104,104,92.26,91.8,91.8,91.53,89.93,480.67,480.67,92.83,842.88,842.88,88.07,92.9,92.9,98.2,98.2,92.94,90.84,91.26,91.75,3.25,3.25,19676.4,19676.4,89.3,89.3,1267.72,1267.72,93.09,1103.71,1103.71,129.5,129.5,90.85,87.3,87.3,89.03,332.51,332.51,89.97,93.38,99.308,99.308,90.41,3.2,3.2,90.41,963.1,963.1,89.69,92.88,1960.32,1960.32,2246.74,2246.74,96.9,96.9,1068.5,1068.5,526.29,526.29,93.78,293.11,293.11,4548.22,4548.22,1779.7,1779.7,4673.64,4673.64,5.4,5.4,5.3,5.3,92.1,92.1,9060836021,9060836021,93.2,기타,93.2,127.7,127.7,1404.11,1404.11,10116.3,10116.3,1.057951406,1.057951406,95.9,95.9,98.4,98.4,3854.01,3854.01,80.1,80.1,94.12,348.8,348.8,92.95,94.89,1893.54,1893.54,5058.22,5058.22,1.205,1.205,104.5,104.5,100.3,100.3,1942.8,1942.8,370.72,370.72,4,4,3776.43,3776.43
3079.9,3079.9,3094.8,3094.8,-9.008281675,13.81263944,-3.2620969,-1.073192305,2.27255009,-5.851075895,1.70119469,1.67642768,-0.650556120,-894.998714,2014-11-01,2014-11-01,,1,131,131,85.23,88.25,95.34,89.32,92.3,92.3,122.93,122.93,91.4,91.4,102.4,102.4,104.4,104.4,92.26,91.9,91.9,91.53,89.93,472.64,472.64,92.83,823.55,823.55,88.07,93.6,93.6,98.3,98.3,92.94,90.84,91.26,91.75,3.25,3.25,20252.38,20252.38,89.5,89.5,1263.3,1263.3,93.09,1098.68,1098.68,122.5,122.5,90.85,87.4,87.4,89.03,314.52,314.52,89.97,93.38,99.108,99.108,90.41,3,3,90.41,937.2,937.2,89.69,92.88,2019.84,2019.84,2302.29,2302.29,97.1,97.1,1107.9,1107.9,519.29,519.29,93.78,261.34,261.34,4455.14,4455.14,1723.79,1723.79,4547.01,4547.01,5.4,5.4,5.3,5.3,92.4,92.4,9060836021,9060836021,93.5,기타,93.5,121.7,121.7,1410.89,1410.89,10464.94,10464.94,1.057951406,1.057951406,95.8,95.8,98.4,98.4,3934.47,3934.47,80.5,80.5,94.12,325.24,325.24,92.95,94.89,1927.2,1927.2,5053.14,5053.14,1.205,1.205,104.9,104.9,100.8,100.8,1959.65,1959.65,380.9,380.9,3.88,3.88,3876.14,3876.14
3079.9,3079.9,3094.8,3094.8,-8.651941335,14.763407888,-2.28047938,-0.593493461,2.920820018,-5.420120179,1.90119469,1.87642768,-0.438172220,-894.968714,2014-12-01,2014-12-01,,1,132,132,85.23,88.25,95.34,89.32,92.6,92.6,118.66,118.66,91.6,91.6,102.7,102.7,104.9,104.9,92.26,92.3,92.3,91.53,89.93,441.4,441.4,92.83,815.34,815.34,88.07,94.3,94.3,98.3,98.3,92.94,90.84,91.26,91.75,3.25,3.25,19319.87,19319.87,89.7,89.7,1339.04,1339.04,93.09,1031.4,1031.4,114,114,90.85,87.4,87.4,89.03,402.3,402.3,89.97,93.38,99.098,99.098,90.41,3.3,3.3,90.41,913,913,89.69,92.88,1917.14,1917.14,2423.58,2423.58,97.4,97.4,1099.3,1099.3,489.38,489.38,93.78,244.62,244.62,4212.51,4212.51,1736.8,1736.8,4491.17,4491.17,5.4,5.4,5.3,5.3,92.5,92.5,9060836021,9060836021,93.7,기타,93.7,112.4,112.4,1303.55,1303.55,10583.95,10583.95,1.057951406,1.057951406,95.7,95.7,98.3,98.3,3873.57,3873.57,81.5,81.5,94.12,319.83,319.83,92.95,94.89,1761.17,1761.17,4735.92,4735.92,1.205,1.205,105.1,105.1,101.2,101.2,1941.93,1941.93,369.59,369.59,3.91,3.91,3694.01,3694.01
3250.1,3250.1,3260.2,3260.2,-1.550848405,15.696087984,-1.27500134,-0.044797423,3.650547574,-4.810853097,-1.212071690,-1.087409680,-1.0703703,-895.200765,2015-01-01,2015-01-01,,1,133,133,91.91,94.65,97.68,93.72,92.7,92.7,125.9,125.9,91.8,91.8,102.9,102.9,105.3,105.3,95.18,92.6,92.6,96.16,95.39,437.2,437.2,95.83,827.63,827.63,94.59,94.8,94.8,98.3,98.3,96.67,96.26,94.45,94.4,3.25,3.25,18934.64,18934.64,89.8,89.8,1528.65,1528.65,95.64,1067.13,1067.13,133.9,133.9,95.03,87.5,87.5,94.52,358.46,358.46,95.11,96.33,99.77,99.77,94.44,3.7,3.7,94.39,928.3,928.3,93.9,94.71,1887.01,1887.01,2294.3,2294.3,97.5,97.5,1093.5,1093.5,477.5,477.5,96.14,219.91,219.91,4544.54,4544.54,1710.76,1710.76,4611.43,4611.43,5,5,5,5,92.6,92.6,9586568769,9586568769,93.9,기타,93.9,126.8,126.8,1298.25,1298.25,10907.41,10907.41,1.058022543,1.058022543,95.6,95.6,98.2,98.2,3969.16,3969.16,82.5,82.5,96.13,332.98,332.98,95.66,97.38,1871.81,1871.81,4671.15,4671.15,1.239,1.239,105.3,105.3,101.5,101.5,1920.99,1920.99,386.77,386.77,3.9,3.9,4029.89,4029.89
3250.1,3250.1,3260.2,3260.2,-2.3554295,15.0782976,-2.614026000,-0.602119700,2.9383986,-5.4839083,-0.912071690,-0.787409680,-0.696066900,-895.240765,2015-02-01,2015-02-01,,1,134,134,91.91,94.65,97.68,93.72,92.9,92.9,142.8,142.8,92.2,92.2,103.1,103.1,105.7,105.7,95.18,92.9,92.9,96.16,95.39,433.69,433.69,95.83,887.73,887.73,94.59,95.4,95.4,98.3,98.3,96.67,96.26,94.45,94.4,3.25,3.25,17565.22,17565.22,90,90,1619.31,1619.31,95.64,1088.85,1088.85,136.6,136.6,95.03,87.8,87.8,94.52,415.21,415.21,95.11,96.33,99.71,99.71,94.44,4.5,4.5,94.39,921.7,921.7,93.9,94.71,1879.52,1879.52,2336.22,2336.22,97.8,97.8,1098.4,1098.4,499.77,499.77,96.14,231.8,231.8,4615.31,4615.31,1788.74,1788.74,4829.65,4829.65,5,5,5,5,92.9,92.9,9586568769,9586568769,94.2,기타,94.2,128.9,128.9,1324.53,1324.53,10857.65,10857.65,1.058022543,1.058022543,95.3,95.3,98.2,98.2,4045.28,4045.28,83.1,83.1,96.13,356.12,356.12,95.66,97.38,2002.41,2002.41,4812.21,4812.21,1.239,1.239,105.5,105.5,101.9,101.9,1961,1961,385.27,385.27,3.86,3.86,4264.92,4264.92
3250.1,3250.1,3260.2,3260.2,-3.39348189,14.365167392,-4.399640920,-1.308217574,2.032546812,-6.239322186,-0.512071690,-0.387409680,-0.308450800,-895.490765,2015-03-01,2015-03-01,,1,135,135,91.91,94.65,97.68,93.72,93,93,147.99,147.99,92.7,92.7,103.3,103.3,106.3,106.3,95.18,93.6,93.6,96.16,95.39,440.05,440.05,95.83,869.33,869.33,94.59,96,96,98.4,98.4,96.67,96.26,94.45,94.4,3.25,3.25,17166.84,17166.84,90.3,90.3,1785.32,1785.32,95.64,1110.26,1110.26,138.7,138.7,95.03,88.3,88.3,94.52,395.58,395.58,95.11,96.33,99.72,99.72,94.44,4,4,94.39,924,924,93.9,94.71,1907.7,1907.7,2312.67,2312.67,98,98,1109.5,1109.5,512.76,512.76,96.14,227.66,227.66,4991.14,4991.14,1915.24,1915.24,5843.16,5843.16,5,5,5,5,93.3,93.3,9586568769,9586568769,94.6,기타,94.6,131.5,131.5,1348.55,1348.55,11296.26,11296.26,1.058022543,1.058022543,95.3,95.3,98.3,98.3,4201.25,4201.25,83.8,83.8,96.13,405.41,405.41,95.66,97.38,2315.67,2315.67,4712.92,4712.92,1.239,1.239,105.6,105.6,102.4,102.4,2012.62,2012.62,364.9,364.9,3.61,3.61,4564.5,4564.5
3250.1,3250.1,3260.2,3260.2,-5.296846065,12.357422832,-7.84044782,-2.636349379,0.238147902,-7.941238581,0.087928310,0.212590320,0.2543975,-895.740765,2015-04-01,2015-04-01,,1,136,136,91.91,94.65,97.68,93.72,93.4,93.4,149.28,149.28,93.5,93.5,103.5,103.5,106.7,106.7,95.18,95,95,96.16,95.39,480.67,480.67,95.83,899.91,899.91,94.59,97,97,98.5,98.5,96.67,96.26,94.45,94.4,3.25,3.25,18741.6,18741.6,90.8,90.8,1786.7,1786.7,95.64,1161.27,1161.27,139.7,139.7,95.03,88.9,88.9,94.52,423.28,423.28,95.11,96.33,99.75,99.75,94.44,3.9,3.9,94.39,904.4,904.4,93.9,94.71,1975.26,1975.26,2348.63,2348.63,98.4,98.4,1072.4,1072.4,537.44,537.44,96.14,255.1,255.1,5347.88,5347.88,1961.41,1961.41,6795.95,6795.95,5,5,5,5,94,94,9586568769,9586568769,95.2,기타,95.2,133.1,133.1,1395.45,1395.45,11048.71,11048.71,1.058022543,1.058022543,95.3,95.3,98.3,98.3,4335.93,4335.93,84.4,84.4,96.13,435.83,435.83,95.66,97.38,2725.04,2725.04,5024.32,5024.32,1.239,1.239,105.8,105.8,102.8,102.8,2107.27,2107.27,384.07,384.07,3.36,3.36,5049.17,5049.17
3250.1,3250.1,3260.2,3260.2,-5.45028155,12.56332784,-7.9339434,-2.199842730,0.445128740,-7.52680247,0.487928310,0.612590320,0.307648300,-895.540765,2015-05-01,2015-05-01,,1,137,137,91.91,94.65,97.68,93.72,93.7,93.7,143.21,143.21,94.1,94.1,103.7,103.7,107.1,107.1,95.18,95.7,95.7,96.16,95.39,472.5,472.5,95.83,849.58,849.58,94.59,98,98,98.5,98.5,96.67,96.26,94.45,94.4,3.25,3.25,19619.6,19619.6,91.2,91.2,1805.79,1805.79,95.64,1216.39,1216.39,137.8,137.8,95.03,89.5,89.5,94.52,482.42,482.42,95.11,96.33,100.03,100.03,94.44,3.7,3.7,94.39,894.7,894.7,93.9,94.71,1870.67,1870.67,2274.25,2274.25,98.7,98.7,1108.2,1108.2,571.7,571.7,96.14,250.31,250.31,5571.72,5571.72,2382.15,2382.15,8009.12,8009.12,5,5,5,5,94.6,94.6,9586568769,9586568769,95.6,기타,95.6,129.7,129.7,1411.51,1411.51,10567.37,10567.37,1.058022543,1.058022543,95.3,95.3,98.3,98.3,4267.99,4267.99,85,85,96.13,445,445,95.66,97.38,2420.33,2420.33,4954.95,4954.95,1.239,1.239,106,106,103,103,2114.9,2114.9,334.69,334.69,3.56,3.56,5026.21,5026.21
3250.1,3250.1,3260.2,3260.2,-4.420474055,14.266028304,-5.664099540,-0.502530213,2.240608594,-5.681359907,0.987928310,1.11259032,0.782880500,-895.610765,2015-06-01,2015-06-01,,1,138,138,91.91,94.65,97.68,93.72,94,94,145.53,145.53,94.7,94.7,104,104,107.5,107.5,95.18,96.6,96.6,96.16,95.39,460.31,460.31,95.83,831.17,831.17,94.59,99,99,98.5,98.5,96.67,96.26,94.45,94.4,3.25,3.25,19386.61,19386.61,91.7,91.7,1821.44,1821.44,95.64,1246.45,1246.45,129.7,129.7,95.03,90.1,90.1,94.52,453.51,453.51,95.11,96.33,100.05,100.05,94.44,3.8,3.8,94.39,912,912,93.9,94.71,1712.02,1712.02,2035.7,2035.7,99.2,99.2,1115.5,1115.5,573.43,573.43,96.14,241.89,241.89,5601.93,5601.93,2125.71,2125.71,9070.86,9070.86,5,5,5,5,95.2,95.2,9586568769,9586568769,96.1,기타,96.1,123.5,123.5,1366.65,1366.65,9952.15,9952.15,1.058022543,1.058022543,95.5,95.5,98.2,98.2,4136.6,4136.6,85.6,85.6,96.13,420.88,420.88,95.66,97.38,2390.92,2390.92,4781.7,4781.7,1.239,1.239,106,106,103.1,103.1,2063.69,2063.69,338.81,338.81,3.49,3.49,5214.79,5214.79
3250.1,3250.1,3260.2,3260.2,-4.306654285,14.610009648,-5.346381980,0.018750569,2.783791878,-5.043707009,1.387928310,1.51259032,0.959970300,-895.670765,2015-07-01,2015-07-01,,1,139,139,91.91,94.65,97.68,93.72,94.1,94.1,143.66,143.66,95.1,95.1,104.1,104.1,107.7,107.7,95.18,97.1,97.1,96.16,95.39,453.85,453.85,95.83,798.49,798.49,94.59,99.7,99.7,98.4,98.4,96.67,96.26,94.45,94.4,3.25,3.25,19365.93,19365.93,92,92,1904.67,1904.67,95.64,1247.2,1247.2,138.9,138.9,95.03,90.6,90.6,94.52,442.59,442.59,95.11,96.33,100.23,100.23,94.44,3.6,3.6,94.39,943.2,943.2,93.9,94.71,1720.51,1720.51,1906.17,1906.17,99.5,99.5,1170,1170,572.88,572.88,96.14,234.24,234.24,5736.31,5736.31,2348.79,2348.79,7991.02,7991.02,5,5,5,5,95.6,95.6,9586568769,9586568769,96.5,기타,96.5,129.4,129.4,1482,1482,9192.61,9192.61,1.058022543,1.058022543,95.6,95.6,98.3,98.3,3973.96,3973.96,86.4,86.4,96.13,443.41,443.41,95.66,97.38,2232.97,2232.97,4299.52,4299.52,1.239,1.239,105.9,105.9,103.1,103.1,2058.03,2058.03,352.17,352.17,3.43,3.43,5139.57,5139.57
3250.1,3250.1,3260.2,3260.2,-2.185504225,17.69325208,-1.1889883,2.578944365,5.75216163,-1.978401765,1.68792831,1.81259032,1.086595700,-895.660765,2015-08-01,2015-08-01,,1,140,140,91.91,94.65,97.68,93.72,94.3,94.3,135.41,135.41,95.6,95.6,104.2,104.2,108.1,108.1,95.18,97.5,97.5,96.16,95.39,426.29,426.29,95.83,730.87,730.87,94.59,100.5,100.5,98.4,98.4,96.67,96.26,94.45,94.4,3.25,3.25,18145.46,18145.46,92.2,92.2,1742.29,1742.29,95.64,1187.14,1187.14,136.2,136.2,95.03,91.1,91.1,94.52,464.67,464.67,95.11,96.33,100.37,100.37,94.44,3.4,3.4,94.39,976.2,976.2,93.9,94.71,1713.91,1713.91,1881.35,1881.35,99.8,99.8,1182.5,1182.5,581.56,581.56,96.14,223.7,223.7,5631.31,5631.31,2323.77,2323.77,7346.76,7346.76,5,5,5,5,95.9,95.9,9586568769,9586568769,96.8,기타,96.8,128.7,128.7,1400.28,1400.28,8645.71,8645.71,1.058022543,1.058022543,95.7,95.7,98.4,98.4,3796.05,3796.05,87.1,87.1,96.13,393.07,393.07,95.66,97.38,1931.51,1931.51,4146.38,4146.38,1.239,1.239,105.9,105.9,103.3,103.3,1952.55,1952.55,340.06,340.06,3.44,3.44,4777.48,4777.48
3250.1,3250.1,3260.2,3260.2,-1.92468401,18.523188128,-0.490084280,3.156861634,6.480268908,-1.062967474,2.087928310,2.21259032,1.8085771,-895.670765,2015-09-01,2015-09-01,,1,141,141,91.91,94.65,97.68,93.72,94.7,94.7,133.04,133.04,96,96,104.4,104.4,108.6,108.6,95.18,97.8,97.8,96.16,95.39,429.57,429.57,95.83,737.23,737.23,94.59,101.5,101.5,98.3,98.3,96.67,96.26,94.45,94.4,3.25,3.25,18672.61,18672.61,92.5,92.5,1701.26,1701.26,95.64,1175.55,1175.55,131.5,131.5,95.03,91.7,91.7,94.52,398.65,398.65,95.11,96.33,100.11,100.11,94.44,3.2,3.2,94.39,988.2,988.2,93.9,94.71,1835.81,1835.81,2017.78,2017.78,100.3,100.3,1185.3,1185.3,569.17,569.17,96.14,230.21,230.21,5587.73,5587.73,2430.71,2430.71,6999.91,6999.91,5,5,5,5,96.2,96.2,9586568769,9586568769,97.2,기타,97.2,126.4,126.4,1422.84,1422.84,8925.4,8925.4,1.058022543,1.058022543,95.8,95.8,98.6,98.6,3858.93,3858.93,88,88,96.13,396.79,396.79,95.66,97.38,1894.71,1894.71,3881.55,3881.55,1.239,1.239,105.9,105.9,103.5,103.5,1939.58,1939.58,366.57,366.57,3.43,3.43,5021.86,5021.86
3250.1,3250.1,3260.2,3260.2,-3.553352415,16.662932112,-3.405445620,1.821432211,4.931432482,-2.432668571,2.587928310,2.71259032,2.3085771,-895.680765,2015-10-01,2015-10-01,,1,142,142,91.91,94.65,97.68,93.72,95,95,125.94,125.94,96.6,96.6,104.6,104.6,108.8,108.8,95.18,98.2,98.2,96.16,95.39,451.23,451.23,95.83,798.57,798.57,94.59,102.3,102.3,98.4,98.4,96.67,96.26,94.45,94.4,3.25,3.25,20386.8,20386.8,93,93,1579.87,1579.87,95.64,1191.24,1191.24,138.1,138.1,95.03,92.3,92.3,94.52,398.24,398.24,95.11,96.33,100.11,100.11,94.44,3.1,3.1,94.39,941,941,93.9,94.71,1877.53,1877.53,1863.54,1863.54,100.7,100.7,1140.1,1140.1,535.04,535.04,96.14,239.37,239.37,5331.48,5331.48,2463.9,2463.9,7611.9,7611.9,5,5,5,5,96.6,96.6,9586568769,9586568769,97.7,기타,97.7,129.8,129.8,1482.2,1482.2,10185.96,10185.96,1.058022543,1.058022543,95.9,95.9,98.7,98.7,4102.56,4102.56,88.8,88.8,96.13,414.95,414.95,95.66,97.38,1879.52,1879.52,3963.1,3963.1,1.239,1.239,105.9,105.9,103.5,103.5,2020.57,2020.57,339.19,339.19,3.42,3.42,5070.01,5070.01
3250.1,3250.1,3260.2,3260.2,-3.27604241,17.113727648,-2.77499948,2.516920194,5.680283628,-1.497291634,2.98792831,3.11259032,2.943871200,-895.660765,2015-11-01,2015-11-01,,1,143,143,91.91,94.65,97.68,93.72,95.5,95.5,117.68,117.68,97,97,104.7,104.7,108.9,108.9,95.18,98.8,98.8,96.16,95.39,424.45,424.45,95.83,851.7,851.7,94.59,102.8,102.8,98.5,98.5,96.67,96.26,94.45,94.4,3.25,3.25,19291.79,19291.79,93.7,93.7,1500.18,1500.18,95.64,1208.51,1208.51,128.5,128.5,95.03,92.9,92.9,94.52,386.74,386.74,95.11,96.33,99.92,99.92,94.44,3,3,94.39,943.7,943.7,93.9,94.71,1809.2,1809.2,1737.81,1737.81,101.1,101.1,1158.1,1158.1,517.75,517.75,96.14,228.7,228.7,5507.7,5507.7,2452.03,2452.03,8713.78,8713.78,5,5,5,5,97,97,9586568769,9586568769,98.1,기타,98.1,121.6,121.6,1409.69,1409.69,9842.13,9842.13,1.058022543,1.058022543,96.2,96.2,98.8,98.8,4058.85,4058.85,90,90,96.13,385.04,385.04,95.66,97.38,1792.83,1792.83,3770.32,3770.32,1.239,1.239,106,106,103.4,103.4,2006.78,2006.78,332.91,332.91,3.44,3.44,5233.17,5233.17
3250.1,3250.1,3260.2,3260.2,-2.567182535,17.810431248,-1.219072980,3.472246619,6.772016978,-0.240001059,3.18792831,3.31259032,2.772354200,-895.640765,2015-12-01,2015-12-01,,1,144,144,91.91,94.65,97.68,93.72,95.7,95.7,107.79,107.79,97.2,97.2,104.9,104.9,108.7,108.7,95.18,99,99,96.16,95.39,417.68,417.68,95.83,831.55,831.55,94.59,102.8,102.8,98.5,98.5,96.67,96.26,94.45,94.4,3.37,3.37,20032.26,20032.26,94,94,1494.8,1494.8,95.64,1191.02,1191.02,110.7,110.7,95.03,93.3,93.3,94.52,377.35,377.35,95.11,96.33,100.22,100.22,94.44,3.2,3.2,94.39,974.1,974.1,93.9,94.71,1785.09,1785.09,1733.11,1733.11,101.5,101.5,1172.5,1172.5,493.56,493.56,96.14,212.78,212.78,5736.92,5736.92,2259.93,2259.93,8448.15,8448.15,5,5,5,5,97.2,97.2,9586568769,9586568769,98.3,기타,98.3,107.9,107.9,1423.88,1423.88,9599.38,9599.38,1.058022543,1.058022543,96.4,96.4,98.8,98.8,4023.15,4023.15,92.7,92.7,96.13,381.52,381.52,95.66,97.38,1746.75,1746.75,3739.77,3739.77,1.239,1.239,105.8,105.8,103.4,103.4,1971.53,1971.53,311.19,311.19,3.46,3.46,5346.66,5346.66
3398.8,3398.8,3411.2,3411.2,3.118835825,19.56613544,1.738193100,5.119608195,8.716881090,1.629743605,0.293200280,0.424201920,2.561827900,-895.832816,2016-01-01,2016-01-01,,1,145,145,96.05,96.67,98.83,96.54,95.8,95.8,119.5,119.5,97.3,97.3,104.9,104.9,108.5,108.5,97.3,99.1,99.1,97.37,97.34,400.11,400.11,97.26,796.62,796.62,97.06,102.6,102.6,98.4,98.4,98.14,97.73,96.49,96.55,3.5,3.5,19404.22,19404.22,94,94,1427.7,1427.7,97.59,1195.18,1195.18,117.6,117.6,97.06,93.3,93.3,97.24,380.9,380.9,96.66,97.97,100.39,100.39,95.74,3.7,3.7,96.77,995.1,995.1,96.13,96.69,1679.07,1679.07,1714.62,1714.62,101.7,101.7,1199.1,1199.1,510.4,510.4,97.77,204.41,204.41,5943.88,5943.88,2185.84,2185.84,9407.28,9407.28,4.9,4.9,4.8,4.8,97.2,97.2,10198015975,10198015975,98.3,기타,98.3,112.3,112.3,1478.45,1478.45,8801.62,8801.62,1.063781653,1.063781653,96.6,96.6,98.8,98.8,3843.02,3843.02,94.9,94.9,97.55,356.79,356.79,97.07,98.41,1560.58,1560.58,3689.95,3689.95,1.172,1.172,105.6,105.6,103.3,103.3,1894.65,1894.65,299.51,299.51,3.49,3.49,5171.39,5171.39
3398.8,3398.8,3411.2,3411.2,2.998983205,19.214522576,1.408935740,4.991899103,8.566108586,1.484794617,0.293200280,0.424201920,2.029320200,-895.852816,2016-02-01,2016-02-01,,1,146,146,96.05,96.67,98.83,96.54,95.9,95.9,111.27,111.27,97.3,97.3,104.8,104.8,108.3,108.3,97.3,99.1,99.1,97.37,97.34,398.32,398.32,97.26,785.48,785.48,97.06,102.3,102.3,98.3,98.3,98.14,97.73,96.49,96.55,3.5,3.5,19393.72,19393.72,94.1,94.1,1476.01,1476.01,97.59,1146.94,1146.94,120.1,120.1,97.06,93.3,93.3,97.24,382.09,382.09,96.66,97.97,100.82,100.82,95.74,4.9,4.9,96.77,1095.4,1095.4,96.13,96.69,1739.52,1739.52,1652.81,1652.81,101.9,101.9,1236.7,1236.7,504.82,504.82,97.77,205.03,205.03,5312.13,5312.13,2268.18,2268.18,8422.87,8422.87,4.9,4.9,4.8,4.8,97.2,97.2,10198015975,10198015975,98.3,기타,98.3,114.3,114.3,1629.1,1629.1,9113.7,9113.7,1.063781653,1.063781653,96.7,96.7,98.7,98.7,3888.82,3888.82,96.6,96.6,97.55,352.26,352.26,97.07,98.41,1624.79,1624.79,4011.11,4011.11,1.172,1.172,105.3,105.3,103.3,103.3,1900.61,1900.61,329.57,329.57,3.47,3.47,5152.38,5152.38
3398.8,3398.8,3411.2,3411.2,1.47287325,16.9840024,-1.510249,3.46575095,6.5462889,-0.360872950,0.193200280,0.324201920,2.251301600,-895.822816,2016-03-01,2016-03-01,,1,147,147,96.05,96.67,98.83,96.54,96,96,120.76,120.76,97.3,97.3,104.8,104.8,108,108,97.3,99.1,99.1,97.37,97.34,422.81,422.81,97.26,820.89,820.89,97.06,101.9,101.9,98.3,98.3,98.14,97.73,96.49,96.55,3.5,3.5,20275.32,20275.32,94.2,94.2,1615.26,1615.26,97.59,1158.47,1158.47,119.2,119.2,97.06,93.3,93.3,97.24,377.55,377.55,96.66,97.97,100.56,100.56,95.74,4.2,4.2,96.77,1018.6,1018.6,96.13,96.69,1776.43,1776.43,1678.65,1678.65,102,102,1143.5,1143.5,492.72,492.72,97.77,218.64,218.64,5114.18,5114.18,2436.11,2436.11,9019.46,9019.46,4.9,4.9,4.8,4.8,97.3,97.3,10198015975,10198015975,98.2,기타,98.2,114.7,114.7,1668.98,1668.98,9866.91,9866.91,1.063781653,1.063781653,96.8,96.8,98.6,98.6,4120.66,4120.66,97.4,97.4,97.55,374.43,374.43,97.07,98.41,1724.45,1724.45,4316.21,4316.21,1.172,1.172,105.1,105.1,103.2,103.2,1976.5,1976.5,312.5,312.5,3.5,3.5,5551.73,5551.73
3398.8,3398.8,3411.2,3411.2,1.077319385,16.083629072,-2.26687522,3.044268091,6.048689042,-0.739253251,0.193200280,0.324201920,2.016007500,-895.882816,2016-04-01,2016-04-01,,1,148,148,96.05,96.67,98.83,96.54,96.2,96.2,126.68,126.68,97.3,97.3,104.8,104.8,107.6,107.6,97.3,99.3,99.3,97.37,97.34,424.62,424.62,97.26,874.31,874.31,97.06,101.5,101.5,98.3,98.3,98.14,97.73,96.49,96.55,3.5,3.5,19406.99,19406.99,94.3,94.3,1706.42,1706.42,97.59,1173.07,1173.07,123.9,123.9,97.06,93.4,93.4,97.24,375.85,375.85,96.66,97.97,100.75,100.75,95.74,3.9,3.9,96.77,1062.2,1062.2,96.13,96.69,1780.39,1780.39,1658.58,1658.58,102.2,102.2,1139.3,1139.3,493.11,493.11,97.77,229.32,229.32,5072.76,5072.76,2509.2,2509.2,9070.86,9070.86,4.9,4.9,4.8,4.8,97.3,97.3,10198015975,10198015975,98.2,기타,98.2,116.6,116.6,1719.2,1719.2,9440.88,9440.88,1.063781653,1.063781653,96.9,96.9,98.6,98.6,4081.57,4081.57,97.6,97.6,97.55,377.48,377.48,97.07,98.41,1741.31,1741.31,4666.46,4666.46,1.172,1.172,104.7,104.7,103,103,1996.17,1996.17,313.13,313.13,3.44,3.44,5452.16,5452.16
3398.8,3398.8,3411.2,3411.2,1.67034854,16.333807488,-1.23251288,3.776170964,6.894709368,0.177952396,0.293200280,0.424201920,2.041704100,-895.872816,2016-05-01,2016-05-01,,1,149,149,96.05,96.67,98.83,96.54,96.4,96.4,114.27,114.27,97.3,97.3,104.7,104.7,107.1,107.1,97.3,99.2,99.2,97.37,97.34,408.38,408.38,97.26,907.14,907.14,97.06,101.3,101.3,98.3,98.3,98.14,97.73,96.49,96.55,3.5,3.5,18727.87,18727.87,94.5,94.5,1612.48,1612.48,97.59,1198.66,1198.66,126.4,126.4,97.06,93.6,93.6,97.24,345.21,345.21,96.66,97.97,100.81,100.81,95.74,3.6,3.6,96.77,1071.4,1071.4,96.13,96.69,1734,1734,1667.62,1667.62,102.3,102.3,1191.7,1191.7,467.04,467.04,97.77,216.62,216.62,5080.92,5080.92,2466.27,2466.27,10067.43,10067.43,4.9,4.9,4.8,4.8,97.4,97.4,10198015975,10198015975,98.3,기타,98.3,116.6,116.6,1739.51,1739.51,9714.23,9714.23,1.063781653,1.063781653,97.1,97.1,98.6,98.6,4077.86,4077.86,97.6,97.6,97.55,370.53,370.53,97.07,98.41,1629.86,1629.86,4081.67,4081.67,1.172,1.172,104.4,104.4,102.9,102.9,1966.68,1966.68,332.76,332.76,3.45,3.45,5375.36,5375.36
3398.8,3398.8,3411.2,3411.2,1.462215215,15.470520048,-1.73063598,3.754394269,6.632881278,0.226237291,0.293200280,0.424201920,2.066471900,-896.012816,2016-06-01,2016-06-01,,1,150,150,96.05,96.67,98.83,96.54,96.5,96.5,108.63,108.63,97.5,97.5,104.6,104.6,106.5,106.5,97.3,99.2,99.2,97.37,97.34,391.59,391.59,97.26,840.47,840.47,97.06,100.8,100.8,98.2,98.2,98.14,97.73,96.49,96.55,3.5,3.5,17686.38,17686.38,94.7,94.7,1623.53,1623.53,97.59,1134.33,1134.33,126.6,126.6,97.06,93.9,93.9,97.24,329.24,329.24,96.66,97.97,100.79,100.79,95.74,3.6,3.6,96.77,1122.8,1122.8,96.13,96.69,1692.24,1692.24,1587.39,1587.39,102.3,102.3,1151.8,1151.8,457.03,457.03,97.77,209.54,209.54,4831.31,4831.31,2282.76,2282.76,10442.59,10442.59,4.9,4.9,4.8,4.8,97.6,97.6,10198015975,10198015975,98.3,기타,98.3,116.1,116.1,1678.66,1678.66,10493.26,10493.26,1.063781653,1.063781653,97.1,97.1,98.5,98.5,4171.32,4171.32,97.5,97.5,97.55,373.01,373.01,97.07,98.41,1606.4,1606.4,4035.74,4035.74,1.172,1.172,104.1,104.1,102.7,102.7,1977.03,1977.03,317.38,317.38,3.31,3.31,5349.04,5349.04
3398.8,3398.8,3411.2,3411.2,0.950428440,14.323112768,-2.909595680,3.309059304,5.989062448,0.007285656,0.293200280,0.424201920,2.301766000,-896.092816,2016-07-01,2016-07-01,,1,151,151,96.05,96.67,98.83,96.54,96.6,96.6,117.13,117.13,97.6,97.6,104.4,104.4,106,106,97.3,99.1,99.1,97.37,97.34,409.78,409.78,97.26,928.26,928.26,97.06,100.6,100.6,98.3,98.3,98.14,97.73,96.49,96.55,3.5,3.5,17462.68,17462.68,94.9,94.9,1674.69,1674.69,97.59,1118.11,1118.11,128.8,128.8,97.06,94.3,94.3,97.24,315.36,315.36,96.66,97.97,100.6,100.6,95.74,3.5,3.5,96.77,1081.6,1081.6,96.13,96.69,1736.97,1736.97,1571.26,1571.26,102.1,102.1,1120.2,1120.2,456.19,456.19,97.77,222.62,222.62,4699.5,4699.5,2370.18,2370.18,9682.74,9682.74,4.9,4.9,4.8,4.8,97.7,97.7,10198015975,10198015975,98.3,기타,98.3,119.1,119.1,1708.72,1708.72,11264.12,11264.12,1.063781653,1.063781653,97.2,97.2,98.5,98.5,4294.83,4294.83,97.6,97.6,97.55,398.69,398.69,97.07,98.41,1779.84,1779.84,4370.8,4370.8,1.172,1.172,103.7,103.7,102.4,102.4,2002.48,2002.48,335.86,335.86,3.23,3.23,5250.41,5250.41
3398.8,3398.8,3411.2,3411.2,0.26308573,12.853628256,-4.324363560,2.776660518,5.224397316,-0.523982198,0.393200280,0.524201920,2.0797846,-896.092816,2016-08-01,2016-08-01,,1,152,152,96.05,96.67,98.83,96.54,96.7,96.7,116.32,116.32,97.7,97.7,104.3,104.3,105.4,105.4,97.3,99,99,97.37,97.34,416.73,416.73,97.26,934.16,934.16,97.06,100.2,100.2,98.3,98.3,98.14,97.73,96.49,96.55,3.5,3.5,18072.82,18072.82,95.3,95.3,1463.45,1463.45,97.59,1135.88,1135.88,130.5,130.5,97.06,94.6,94.6,97.24,296.14,296.14,96.66,97.97,100.86,100.86,95.74,3.6,3.6,96.77,1080.7,1080.7,96.13,96.69,1779.68,1779.68,1650.86,1650.86,101.9,101.9,1114.8,1114.8,469.73,469.73,97.77,227.2,227.2,4285.91,4285.91,2312.63,2312.63,9261.78,9261.78,4.9,4.9,4.8,4.8,97.9,97.9,10198015975,10198015975,98.4,기타,98.4,121.9,121.9,1630.13,1630.13,11726.93,11726.93,1.063781653,1.063781653,97.4,97.4,98.5,98.5,4328.11,4328.11,97.7,97.7,97.55,362.43,362.43,97.07,98.41,1656.95,1656.95,4338.97,4338.97,1.172,1.172,103.4,103.4,102.2,102.2,2036.66,2036.66,328.84,328.84,3.23,3.23,5171.96,5171.96
3398.8,3398.8,3411.2,3411.2,0.144439680,12.303541696,-4.651312960,2.750237088,5.175142656,-0.267471968,0.493200280,0.624201920,1.4367506,-896.052816,2016-09-01,2016-09-01,,1,153,153,96.05,96.67,98.83,96.54,96.9,96.9,117.8,117.8,97.8,97.8,104.2,104.2,105,105,97.3,99,99,97.37,97.34,419.74,419.74,97.26,933.91,933.91,97.06,100,100,98.3,98.3,98.14,97.73,96.49,96.55,3.5,3.5,18479.93,18479.93,95.8,95.8,1489.19,1489.19,97.59,1159.85,1159.85,127.4,127.4,97.06,95,95,97.24,310.02,310.02,96.66,97.97,101.46,101.46,95.74,3.5,3.5,96.77,1092.3,1092.3,96.13,96.69,1795.81,1795.81,1674.76,1674.76,101.9,101.9,1101.3,1101.3,469.79,469.79,97.77,237.4,237.4,4453.64,4453.64,2397.43,2397.43,9246.37,9246.37,4.9,4.9,4.8,4.8,98,98,10198015975,10198015975,98.5,기타,98.5,122.1,122.1,1540.4,1540.4,11601.18,11601.18,1.063781653,1.063781653,97.5,97.5,98.4,98.4,4337.64,4337.64,98,98,97.55,369.2,369.2,97.07,98.41,1631.97,1631.97,4307.48,4307.48,1.172,1.172,103.3,103.3,102.1,102.1,2042.56,2042.56,336.56,336.56,3.27,3.27,5222.28,5222.28
3398.8,3398.8,3411.2,3411.2,0.275754715,12.169654448,-4.60012998,3.090159969,5.540334678,0.591339591,0.693200280,0.824201920,1.463376,-896.032816,2016-10-01,2016-10-01,,1,154,154,96.05,96.67,98.83,96.54,97.1,97.1,114.46,114.46,98,98,104,104,104.7,104.7,97.3,99.1,99.1,97.37,97.34,443.79,443.79,97.26,844.06,844.06,97.06,99.8,99.8,98.4,98.4,98.14,97.73,96.49,96.55,3.5,3.5,19329.12,19329.12,96.6,96.6,1424.12,1424.12,97.59,1089.9,1089.9,128.7,128.7,97.06,95.7,95.7,97.24,298.94,298.94,96.66,97.97,101.6,101.6,95.74,3.3,3.3,96.77,1092.2,1092.2,96.13,96.69,1781.49,1781.49,1589.44,1589.44,102,102,1144.5,1144.5,476.87,476.87,97.77,260.68,260.68,4183.62,4183.62,2083.72,2083.72,7119.82,7119.82,4.9,4.9,4.8,4.8,98.2,98.2,10198015975,10198015975,98.7,기타,98.7,123.2,123.2,1433.43,1433.43,11789.32,11789.32,1.063781653,1.063781653,97.6,97.6,98.5,98.5,4241.92,4241.92,98.3,98.3,97.55,359.97,359.97,97.07,98.41,1613.89,1613.89,4286.54,4286.54,1.172,1.172,103,103,102,102,2036.03,2036.03,335.76,335.76,3.29,3.29,4987.87,4987.87
3398.8,3398.8,3411.2,3411.2,1.367298375,13.2504508,-2.7121955,4.453255525,7.21347755,2.411445475,0.993200280,1.12420192,1.949134500,-896.032816,2016-11-01,2016-11-01,,1,155,155,96.05,96.67,98.83,96.54,97.4,97.4,105.54,105.54,98.3,98.3,103.8,103.8,104.4,104.4,97.3,99.2,99.2,97.37,97.34,441.53,441.53,97.26,809.95,809.95,97.06,99.8,99.8,98.5,98.5,98.14,97.73,96.49,96.55,3.5,3.5,19835.75,19835.75,97.4,97.4,1364.29,1364.29,97.59,1047.98,1047.98,113.8,113.8,97.06,96.2,96.2,97.24,286.61,286.61,96.66,97.97,101.45,101.45,95.74,3.1,3.1,96.77,1037.8,1037.8,96.13,96.69,1664.59,1664.59,1492.73,1492.73,102.1,102.1,1169.1,1169.1,440.21,440.21,97.77,254.21,254.21,4270.55,4270.55,2022.12,2022.12,7321.45,7321.45,4.9,4.9,4.8,4.8,98.4,98.4,10198015975,10198015975,99,기타,99,113.2,113.2,1356.75,1356.75,12393.41,12393.41,1.063781653,1.063781653,97.8,97.8,98.5,98.5,4269.13,4269.13,98.9,98.9,97.55,355.88,355.88,97.07,98.41,1539.46,1539.46,4480.9,4480.9,1.172,1.172,102.7,102.7,102,102,1981.75,1981.75,329.49,329.49,3.29,3.29,4831.27,4831.27
3398.8,3398.8,3411.2,3411.2,0.564527135,11.834949872,-4.447758220,3.697861741,6.203605342,1.540579099,0.993200280,1.12420192,1.812911600,-895.882816,2016-12-01,2016-12-01,,1,156,156,96.05,96.67,98.83,96.54,97.6,97.6,111.43,111.43,98.3,98.3,103.6,103.6,104,104,97.3,99.3,99.3,97.37,97.34,435.06,435.06,97.26,861.79,861.79,97.06,99.6,99.6,98.6,98.6,98.14,97.73,96.49,96.55,3.64,3.64,18792.4,18792.4,97.9,97.9,1341.9,1341.9,97.59,1049.28,1049.28,102.8,102.8,97.06,96.3,96.3,97.24,291.15,291.15,96.66,97.97,101.56,101.56,95.74,3.2,3.2,96.77,1035.4,1035.4,96.13,96.69,1757.54,1757.54,1429.54,1429.54,102,102,1207.7,1207.7,437.79,437.79,97.77,259.45,259.45,4141.12,4141.12,2263.55,2263.55,7591.6,7591.6,4.9,4.9,4.8,4.8,98.5,98.5,10198015975,10198015975,99,기타,99,104.3,104.3,1318.9,1318.9,12926.3,12926.3,1.063781653,1.063781653,98,98,98.6,98.6,4449.94,4449.94,99.4,99.4,97.55,362.9,362.9,97.07,98.41,1555.79,1555.79,4683.94,4683.94,1.172,1.172,102.5,102.5,101.9,101.9,2021.67,2021.67,326.53,326.53,3.44,3.44,5113.99,5113.99
3574,3574,3588.6,3588.6,5.068940565,10.515887568,-6.08870618,2.839468079,5.190191498,0.566307881,-2.4174006,-2.269176240,0.475450400,-896.034867,2017-01-01,2017-01-01,,1,157,157,101.36,100.93,100.29,100.23,97.8,97.8,109.47,109.47,98.3,98.3,103.5,103.5,103.7,103.7,100.12,99.3,99.3,100.87,100.26,446.59,446.59,100.13,822.25,822.25,100.16,99.5,99.5,98.7,98.7,100.18,100.22,100.41,100.36,3.75,3.75,18441.28,18441.28,98.2,98.2,1304.8,1304.8,100.29,1037.5,1037.5,107.8,107.8,100.59,96.3,96.3,101.08,277.49,277.49,101.29,100.39,102.64,102.64,101.5,3.7,3.7,101.34,1024.1,1024.1,100.77,100.35,1663.14,1663.14,1428.34,1428.34,101.8,101.8,1162.1,1162.1,441.08,441.08,100.18,262.9,262.9,4156.8,4156.8,2081.31,2081.31,7229.07,7229.07,4.8,4.8,4.7,4.7,98.5,98.5,10920237503,10920237503,99,기타,99,107.4,107.4,1270.57,1270.57,14181.34,14181.34,1.070819807,1.070819807,98.1,98.1,98.7,98.7,4597.51,4597.51,99.8,99.8,100.35,371.87,371.87,100.43,100.23,1737.86,1737.86,4868.26,4868.26,1.052,1.052,102.3,102.3,101.8,101.8,2061.73,2061.73,325.44,325.44,3.51,3.51,5091.29,5091.29
3574,3574,3588.6,3588.6,4.6452334,9.67990048,-6.999184800,2.28798644,4.65717528,0.153879160,-2.4174006,-2.269176240,0.128701200,-896.094867,2017-02-01,2017-02-01,,1,158,158,101.36,100.93,100.29,100.23,97.9,97.9,118.12,118.12,98.3,98.3,103.4,103.4,103.4,103.4,100.12,99.4,99.4,100.87,100.26,449.18,449.18,100.13,814.81,814.81,100.16,99.3,99.3,98.8,98.8,100.18,100.22,100.41,100.36,3.75,3.75,18158.87,18158.87,98.4,98.4,1343.82,1343.82,100.29,1058.48,1058.48,113.1,113.1,100.59,96.4,96.4,101.08,282.6,282.6,101.29,100.39,102.92,102.92,101.5,4.9,4.9,101.34,1005.8,1005.8,100.77,100.35,1781.6,1781.6,1528.25,1528.25,101.7,101.7,1130.7,1130.7,452.19,452.19,100.18,261.76,261.76,4373.78,4373.78,1995.16,1995.16,7788.73,7788.73,4.8,4.8,4.7,4.7,98.4,98.4,10920237503,10920237503,99,기타,99,111.2,111.2,1307.35,1307.35,13748.83,13748.83,1.070819807,1.070819807,98.1,98.1,98.7,98.7,4614.94,4614.94,99.9,99.9,100.35,369.08,369.08,100.43,100.23,1767.14,1767.14,4878.6,4878.6,1.052,1.052,102.1,102.1,101.7,101.7,2082.8,2082.8,342.12,342.12,3.45,3.45,5155.26,5155.26
3574,3574,3588.6,3588.6,3.571989385,8.022253072,-9.152115220,1.244390091,3.307053042,-0.944095251,-2.4174006,-2.269176240,0.215388500,-896.064867,2017-03-01,2017-03-01,,1,159,159,101.36,100.93,100.29,100.23,98.1,98.1,120.23,120.23,98.4,98.4,103.3,103.3,103.1,103.1,100.12,99.3,99.3,100.87,100.26,456.5,456.5,100.13,835.81,835.81,100.16,99.2,99.2,98.8,98.8,100.18,100.22,100.41,100.36,3.88,3.88,18516.67,18516.67,98.6,98.6,1327.43,1327.43,100.29,1109.88,1109.88,114.8,114.8,100.59,96.6,96.6,101.08,281.8,281.8,101.29,100.39,102.85,102.85,101.5,4.1,4.1,101.34,1000.4,1000.4,100.77,100.35,1783.6,1783.6,1524.83,1524.83,101.7,101.7,1118.4,1118.4,456.94,456.94,100.18,257.74,257.74,4310.67,4310.67,2210.83,2210.83,7810.91,7810.91,4.8,4.8,4.7,4.7,98.5,98.5,10920237503,10920237503,99,기타,99,111.5,111.5,1362.64,1362.64,14793.18,14793.18,1.070819807,1.070819807,98.2,98.2,98.8,98.8,4772.4,4772.4,99.9,99.9,100.35,364.8,364.8,100.43,100.23,1823.31,1823.31,4907.92,4907.92,1.052,1.052,101.9,101.9,101.6,101.6,2136.17,2136.17,370.66,370.66,3.48,3.48,5145.46,5145.46
3574,3574,3588.6,3588.6,3.08916029,6.911477088,-10.27568388,0.729911014,2.799662468,-1.328025654,-2.317400600,-2.16917624,0.476379200,-896.124867,2017-04-01,2017-04-01,,1,160,160,101.36,100.93,100.29,100.23,98.5,98.5,121.12,121.12,98.5,98.5,103.1,103.1,102.6,102.6,100.12,99.4,99.4,100.87,100.26,471.92,471.92,100.13,819.53,819.53,100.16,99,99,98.9,98.9,100.18,100.22,100.41,100.36,4,4,18929.97,18929.97,98.8,98.8,1305.46,1305.46,100.29,1125.84,1125.84,119.2,119.2,100.59,96.8,96.8,101.08,290.9,290.9,101.29,100.39,102.72,102.72,101.5,4.2,4.2,101.34,1023.2,1023.2,100.77,100.35,1699.03,1699.03,1515.82,1515.82,101.6,101.6,1137.9,1137.9,469.58,469.58,100.18,281.87,281.87,4371.32,4371.32,2323.65,2323.65,7987.07,7987.07,4.8,4.8,4.7,4.7,98.5,98.5,10920237503,10920237503,99.1,기타,99.1,112.1,112.1,1343.59,1343.59,15823.64,15823.64,1.070819807,1.070819807,98.4,98.4,98.9,98.9,4886.2,4886.2,99.9,99.9,100.35,357.94,357.94,100.43,100.23,1859.42,1859.42,4626.61,4626.61,1.052,1.052,101.6,101.6,101.4,101.4,2160.18,2160.18,361.47,361.47,3.42,3.42,5127.33,5127.33
3574,3574,3588.6,3588.6,0.239443045,2.906601424,-15.92670074,-2.206608353,-0.685232086,-4.274455367,-2.2174006,-2.069176240,0.440156300,-896.094867,2017-05-01,2017-05-01,,1,161,161,101.36,100.93,100.29,100.23,98.8,98.8,127.87,127.87,98.6,98.6,102.9,102.9,102.2,102.2,100.12,99.4,99.4,100.87,100.26,503.49,503.49,100.13,879.71,879.71,100.16,98.8,98.8,98.9,98.9,100.18,100.22,100.41,100.36,4,4,20481.42,20481.42,99.2,99.2,1440.9,1440.9,100.29,1213.94,1213.94,126.2,126.2,100.59,97.3,97.3,101.08,312.24,312.24,101.29,100.39,102.83,102.83,101.5,3.6,3.6,101.34,1009.1,1009.1,100.77,100.35,1884.25,1884.25,1681.66,1681.66,101.4,101.4,1119.5,1119.5,512.3,512.3,100.18,289.98,289.98,4818.24,4818.24,2413.55,2413.55,9268.12,9268.12,4.8,4.8,4.7,4.7,98.6,98.6,10920237503,10920237503,99.2,기타,99.2,115.2,115.2,1299.98,1299.98,16203.98,16203.98,1.070819807,1.070819807,98.6,98.6,99.1,99.1,5185.52,5185.52,99.9,99.9,100.35,362.2,362.2,100.43,100.23,2029.62,2029.62,4870.82,4870.82,1.052,1.052,101.3,101.3,101.3,101.3,2301.89,2301.89,382.4,382.4,3.45,3.45,5619.21,5619.21
3574,3574,3588.6,3588.6,-1.174455900,0.918027520,-18.9312452,-3.613189940,-2.263892280,-5.084415660,-2.017400600,-1.869176240,0.912602100,-896.104867,2017-06-01,2017-06-01,,1,162,162,101.36,100.93,100.29,100.23,99,99,121.8,121.8,98.8,98.8,102.6,102.6,102,102,100.12,99.4,99.4,100.87,100.26,524.61,524.61,100.13,882.18,882.18,100.16,98.7,98.7,98.9,98.9,100.18,100.22,100.41,100.36,4.13,4.13,20176.35,20176.35,99.6,99.6,1351.75,1351.75,100.29,1197.42,1197.42,125.4,125.4,100.59,98.2,98.2,101.08,304.72,304.72,101.29,100.39,102.61,102.61,101.5,3.8,3.8,101.34,1021.4,1021.4,100.77,100.35,1820.99,1820.99,1699.85,1699.85,101.3,101.3,1144.1,1144.1,499.58,499.58,100.18,335.91,335.91,4554.02,4554.02,2821.82,2821.82,10080.17,10080.17,4.8,4.8,4.7,4.7,98.7,98.7,10920237503,10920237503,99.4,기타,99.4,114.2,114.2,1267.43,1267.43,17462.65,17462.65,1.070819807,1.070819807,98.8,98.8,99.2,99.2,5346.93,5346.93,99.7,99.7,100.35,358.96,358.96,100.43,100.23,2245.93,2245.93,5042.14,5042.14,1.052,1.052,101,101,101.1,101.1,2372.2,2372.2,390.5,390.5,3.44,3.44,5450.91,5450.91
3574,3574,3588.6,3588.6,-1.99291255,-0.517315360,-20.8968114,-4.28529733,-3.093496460,-5.57425187,-1.817400600,-1.66917624,0.902075800,-896.094867,2017-07-01,2017-07-01,,1,163,163,101.36,100.93,100.29,100.23,99.2,99.2,121.8,121.8,99.1,99.1,102.2,102.2,101.6,101.6,100.12,99.5,99.5,100.87,100.26,543.93,543.93,100.13,873.81,873.81,100.16,98.7,98.7,99,99,100.18,100.22,100.41,100.36,4.25,4.25,21791.34,21791.34,99.9,99.9,1357.94,1357.94,100.29,1176.52,1176.52,134.1,134.1,100.59,98.7,98.7,101.08,304.78,304.78,101.29,100.39,102.78,102.78,101.5,3.4,3.4,101.34,1011.9,1011.9,100.77,100.35,1723.5,1723.5,1658.72,1658.72,101.1,101.1,1119,1119,480.28,480.28,100.18,353.92,353.92,4469.83,4469.83,2938.55,2938.55,9596.4,9596.4,4.8,4.8,4.7,4.7,98.9,98.9,10920237503,10920237503,99.6,기타,99.6,118.1,118.1,1344.95,1344.95,17369.26,17369.26,1.070819807,1.070819807,99,99,99.3,99.3,5335.85,5335.85,99.7,99.7,100.35,334.94,334.94,100.43,100.23,2179.83,2179.83,5507.77,5507.77,1.052,1.052,100.9,100.9,100.9,100.9,2412.9,2412.9,411.54,411.54,3.45,3.45,5650.26,5650.26
3574,3574,3588.6,3588.6,-1.17405371,0.118536288,-19.93047588,-3.012761386,-1.863386332,-3.983929254,-1.6174006,-1.46917624,0.371425700,-896.114867,2017-08-01,2017-08-01,,1,164,164,101.36,100.93,100.29,100.23,99.4,99.4,110.54,110.54,99.5,99.5,101.6,101.6,101.2,101.2,100.12,99.6,99.6,100.87,100.26,533.58,533.58,100.13,888,888,100.16,99.2,99.2,99.2,99.2,100.18,100.22,100.41,100.36,4.25,4.25,20997.02,20997.02,100.1,100.1,1299.77,1299.77,100.29,1157.47,1157.47,116.4,116.4,100.59,99.3,99.3,101.08,296.83,296.83,101.29,100.39,103.37,103.37,101.5,3.6,3.6,101.34,1020.2,1020.2,100.77,100.35,1638.91,1638.91,1645.11,1645.11,100.8,100.8,1127.8,1127.8,449.95,449.95,100.18,343.17,343.17,4428.05,4428.05,3158.21,3158.21,9841.25,9841.25,4.8,4.8,4.7,4.7,99.3,99.3,10920237503,10920237503,99.8,기타,99.8,112.1,112.1,1288.94,1288.94,17188.85,17188.85,1.070819807,1.070819807,99.3,99.3,99.5,99.5,5315.28,5315.28,100,100,100.35,327.21,327.21,100.43,100.23,2047.26,2047.26,5571.9,5571.9,1.052,1.052,100.6,100.6,100.6,100.6,2372.18,2372.18,367.35,367.35,3.43,3.43,5842.06,5842.06
3574,3574,3588.6,3588.6,-1.16721648,-0.172814656,-20.31739744,-2.705475968,-1.754785216,-3.975660352,-1.517400600,-1.369176240,0.322818900,-896.084867,2017-09-01,2017-09-01,,1,165,165,101.36,100.93,100.29,100.23,99.6,99.6,105.23,105.23,99.7,99.7,101.2,101.2,100.9,100.9,100.12,99.7,99.7,100.87,100.26,523.02,523.02,100.13,892.99,892.99,100.16,99.5,99.5,99.5,99.5,100.18,100.22,100.41,100.36,4.25,4.25,20500.33,20500.33,100.1,100.1,1185.46,1185.46,100.29,1179.22,1179.22,117.3,117.3,100.59,99.3,99.3,101.08,281.13,281.13,101.29,100.39,103.49,103.49,101.5,3.3,3.3,101.34,1016.7,1016.7,100.77,100.35,1636.64,1636.64,1537.02,1537.02,100.7,100.7,1145.4,1145.4,434.44,434.44,100.18,329.59,329.59,4240.81,4240.81,2962.24,2962.24,10693.9,10693.9,4.8,4.8,4.7,4.7,99.6,99.6,10920237503,10920237503,99.9,기타,99.9,110.5,110.5,1181.62,1181.62,18876.18,18876.18,1.070819807,1.070819807,99.5,99.5,99.7,99.7,5515.26,5515.26,100,100,100.35,310.72,310.72,100.43,100.23,1942.63,1942.63,5130.18,5130.18,1.052,1.052,100.4,100.4,100.3,100.3,2371.84,2371.84,361.03,361.03,3.46,3.46,5698.48,5698.48
3574,3574,3588.6,3588.6,-3.399974265,-3.497240208,-25.08827742,-4.884593499,-4.563555538,-6.375943261,-1.517400600,-1.369176240,0.446657900,-896.084867,2017-10-01,2017-10-01,,1,166,166,101.36,100.93,100.29,100.23,99.8,99.8,107.41,107.41,99.8,99.8,100.7,100.7,100.4,100.4,100.12,99.9,99.9,100.87,100.26,542.56,542.56,100.13,916.17,916.17,100.16,99.8,99.8,99.7,99.7,100.18,100.22,100.41,100.36,4.25,4.25,22212.26,22212.26,100.1,100.1,1294.92,1294.92,100.29,1288.17,1288.17,119.7,119.7,100.59,99.6,99.6,101.08,287.26,287.26,101.29,100.39,103.39,103.39,101.5,3.2,3.2,101.34,991.2,991.2,100.77,100.35,1795.13,1795.13,1522.98,1522.98,100.4,100.4,1120.4,1120.4,466.12,466.12,100.18,322.29,322.29,4431.02,4431.02,2955.13,2955.13,11528.94,11528.94,4.8,4.8,4.7,4.7,99.8,99.8,10920237503,10920237503,99.9,기타,99.9,109.9,109.9,1181.84,1181.84,19963.43,19963.43,1.070819807,1.070819807,99.7,99.7,99.9,99.9,5837.07,5837.07,100,100,100.35,308.18,308.18,100.43,100.23,1993.64,1993.64,5290.53,5290.53,1.052,1.052,100.3,100.3,100.2,100.2,2482.87,2482.87,367.05,367.05,3.46,3.46,5994.89,5994.89
3574,3574,3588.6,3588.6,-4.418319345,-5.185440784,-27.73619566,-5.769692227,-5.744615874,-7.207523253,-1.4174006,-1.269176240,1.500218200,-895.994867,2017-11-01,2017-11-01,,1,167,167,101.36,100.93,100.29,100.23,100,100,102.08,102.08,100,100,100,100,100,100,100.12,100,100,100.87,100.26,542.3,542.3,100.13,911.32,911.32,100.16,100,100,100,100,100.18,100.22,100.41,100.36,4.25,4.25,21433.31,21433.31,100,100,1443.25,1443.25,100.29,1248.22,1248.22,120.2,120.2,100.59,100,100,101.08,306.32,306.32,101.29,100.39,102.62,102.62,101.5,3.1,3.1,101.34,970.2,970.2,100.77,100.35,1782.16,1782.16,1478.36,1478.36,100,100,1088.2,1088.2,468.29,468.29,100.18,325.21,325.21,4441.53,4441.53,3120.61,3120.61,11656.16,11656.16,4.8,4.8,4.7,4.7,100,100,10920237503,10920237503,100,기타,100,106.4,106.4,1157.11,1157.11,18715.98,18715.98,1.070819807,1.070819807,100,100,100,100,5687.52,5687.52,100,100,100.35,309.13,309.13,100.43,100.23,2046.52,2046.52,5344.4,5344.4,1.052,1.052,100,100,100,100,2533.51,2533.51,374.7,374.7,3.55,3.55,6065.43,6065.43
3574,3574,3588.6,3588.6,-3.095516435,-3.912102832,-25.60590218,-4.360178121,-3.980552902,-4.807733919,-1.317400600,-1.16917624,1.142013900,-895.924867,2017-12-01,2017-12-01,,1,168,168,101.36,100.93,100.29,100.23,99.9,99.9,103.47,103.47,100,100,99.6,99.6,99.6,99.6,100.12,100.1,100.1,100.87,100.26,540.29,540.29,100.13,920.54,920.54,100.16,100.2,100.2,100.1,100.1,100.18,100.22,100.41,100.36,4.4,4.4,21138.28,21138.28,99.9,99.9,1352.51,1352.51,100.29,1293.04,1293.04,114.8,114.8,100.59,100.8,100.8,101.08,294.92,294.92,101.29,100.39,102.99,102.99,101.5,3.3,3.3,101.34,949.3,949.3,100.77,100.35,1643.03,1643.03,1406.03,1406.03,99.7,99.7,1070.5,1070.5,455.45,455.45,100.18,325.34,325.34,4364.77,4364.77,3028.17,3028.17,12370.06,12370.06,4.8,4.8,4.7,4.7,100,100,10920237503,10920237503,100.1,기타,100.1,102.2,102.2,1164.06,1164.06,18795.89,18795.89,1.070819807,1.070819807,100.1,100.1,100.1,100.1,5648.76,5648.76,99.8,99.8,100.35,298.95,298.95,100.43,100.23,1986.01,1986.01,5293.84,5293.84,1.052,1.052,99.8,99.8,99.8,99.8,2467.73,2467.73,377.91,377.91,3.62,3.62,6071.54,6071.54
3669.1,3669.1,3678.7,3678.7,3.77445707,-5.765680096,-28.15267804,-5.500346038,-5.226627556,-4.701817082,-3.06870279,-2.79264508,0.709506200,-896.076918,2018-01-01,2018-01-01,,1,169,169,109.3,109.9,105,106.4,99.8,99.8,113.87,113.87,100.1,100.1,99.1,99.1,99.1,99.1,103.8,100.2,100.2,105.6,105.2,577.19,577.19,103.5,999.13,999.13,104,100.4,100.4,100.3,100.3,104.3,106.2,108.1,110.3,4.5,4.5,22296.29,22296.29,99.7,99.7,1524.83,1524.83,106.2,1362.9,1362.9,126.8,126.8,106.8,102.2,102.2,108.3,307.05,307.05,109.3,107.5,103.42,103.42,108.7,3.7,3.7,107.3,983,983,108.6,109.8,1737.84,1737.84,1517.66,1517.66,99.2,99.2,1067.9,1067.9,498.56,498.56,105.2,339.49,339.49,4519.07,4519.07,3058.88,3058.88,14179.41,14179.41,4.9,4.9,4.8,4.8,100,100,11795546504,11795546504,100.2,기타,100.2,109,109,1135.9,1135.9,18489.76,18489.76,1.080154759,1.080154759,100.4,100.4,100,100,5793.32,5793.32,99.4,99.4,106.2,337.45,337.45,108.4,104.4,2402.75,2402.75,5783.55,5783.55,0.977,0.977,99.5,99.5,99.4,99.4,2520.94,2520.94,376.42,376.42,3.69,3.69,6385.57,6385.57
3669.1,3669.1,3678.7,3678.7,5.42021855,-3.98380144,-25.5046206,-3.64670307,-2.956288340,-1.31144373,-2.868702790,-2.59264508,-0.068821900,-896.086918,2018-02-01,2018-02-01,,1,170,170,109.3,109.9,105,106.4,99.7,99.7,101.87,101.87,100.3,100.3,98.6,98.6,98.8,98.8,103.8,100.4,100.4,105.6,105.2,540.16,540.16,103.5,918.11,918.11,104,100.6,100.6,100.5,100.5,104.3,106.2,108.1,110.3,4.5,4.5,21048.96,21048.96,99.5,99.5,1369.28,1369.28,106.2,1228.52,1228.52,126.3,126.3,106.8,103.6,103.6,108.3,279.95,279.95,109.3,107.5,104.21,104.21,108.7,4.6,4.6,107.3,1010.7,1010.7,108.6,109.8,1671.57,1671.57,1461.37,1461.37,98.7,98.7,1082.8,1082.8,456.76,456.76,105.2,341.29,341.29,4208.97,4208.97,3273.15,3273.15,14839.06,14839.06,4.9,4.9,4.8,4.8,100.1,100.1,11795546504,11795546504,100.4,기타,100.4,110,110,1062.04,1062.04,17588.77,17588.77,1.080154759,1.080154759,100.6,100.6,99.9,99.9,5565.65,5565.65,99.3,99.3,106.2,344.71,344.71,108.4,104.4,2122.54,2122.54,5489.57,5489.57,0.977,0.977,99.1,99.1,99,99,2439.1,2439.1,342.15,342.15,3.68,3.68,6074.11,6074.11
3669.1,3669.1,3678.7,3678.7,5.169453085,-4.701018288,-26.48429162,-3.913906489,-3.171746918,-0.814717871,-2.76870279,-2.49264508,0.167401000,-896.096918,2018-03-01,2018-03-01,,1,171,171,109.3,109.9,105,106.4,99.8,99.8,107.74,107.74,100.5,100.5,98.1,98.1,98.4,98.4,103.8,100.6,100.6,105.6,105.2,525.55,525.55,103.5,930.8,930.8,104,100.7,100.7,100.6,100.6,104.3,106.2,108.1,110.3,4.58,4.58,19773.83,19773.83,99.3,99.3,1376.07,1376.07,106.2,1267.3,1267.3,116.3,116.3,106.8,104.4,104.4,108.3,285.77,285.77,109.3,107.5,104.1,104.1,108.7,4.5,4.5,107.3,1001.7,1001.7,108.6,109.8,1599.41,1599.41,1509.77,1509.77,98.3,98.3,1063.5,1063.5,473.6,473.6,105.2,303.33,303.33,4273.76,4273.76,3416.17,3416.17,14672.94,14672.94,4.9,4.9,4.8,4.8,100.1,100.1,11795546504,11795546504,100.5,기타,100.5,106,106,1061.96,1061.96,18430.64,18430.64,1.080154759,1.080154759,100.8,100.8,99.7,99.7,5634,5634,99.4,99.4,106.2,374.29,374.29,108.4,104.4,2075.89,2075.89,5067.77,5067.77,0.977,0.977,98.7,98.7,98.7,98.7,2451.57,2451.57,340.61,340.61,3.67,3.67,6097.05,6097.05
3669.1,3669.1,3678.7,3678.7,5.035724910,-5.270183648,-27.34009052,-4.056400694,-3.339974628,-0.576447866,-2.76870279,-2.49264508,-0.067893100,-896.116918,2018-04-01,2018-04-01,,1,172,172,109.3,109.9,105,106.4,99.5,99.5,136.84,136.84,100.6,100.6,97.5,97.5,98,98,103.8,100.8,100.8,105.6,105.2,529.81,529.81,103.5,964.35,964.35,104,101.1,101.1,100.6,100.6,104.3,106.2,108.1,110.3,4.75,4.75,19671.63,19671.63,99,99,1695.15,1695.15,106.2,1212.98,1212.98,108.3,108.3,106.8,104.8,104.8,108.3,298.91,298.91,109.3,107.5,104.29,104.29,108.7,4.1,4.1,107.3,978.4,978.4,108.6,109.8,1651.21,1651.21,1607.39,1607.39,97.7,97.7,1068,1068,489.91,489.91,105.2,331.24,331.24,4451.48,4451.48,3270.53,3270.53,13863.89,13863.89,4.9,4.9,4.8,4.8,100.1,100.1,11795546504,11795546504,100.5,기타,100.5,100.2,100.2,1192.37,1192.37,19472.1,19472.1,1.080154759,1.080154759,100.9,100.9,99.6,99.6,5836.45,5836.45,99,99,106.2,399.69,399.69,108.4,104.4,2162.58,2162.58,5542.42,5542.42,0.977,0.977,98.1,98.1,98.2,98.2,2458.22,2458.22,338.14,338.14,3.65,3.65,6187.08,6187.08
3669.1,3669.1,3678.7,3678.7,4.97378765,-5.848533920,-28.3585658,-4.222398010,-3.51789062,-0.451354390,-2.868702790,-2.59264508,-0.229812600,-896.086918,2018-05-01,2018-05-01,,1,173,173,109.3,109.9,105,106.4,99.1,99.1,145.69,145.69,100.6,100.6,96.6,96.6,97.5,97.5,103.8,101,101,105.6,105.2,495.59,495.59,103.5,978.42,978.42,104,101.3,101.3,100.6,100.6,104.3,106.2,108.1,110.3,4.75,4.75,18032.94,18032.94,98.7,98.7,2030.56,2030.56,106.2,1159.61,1159.61,109.8,109.8,106.8,105,105,108.3,307.39,307.39,109.3,107.5,104.34,104.34,108.7,4,4,107.3,991.4,991.4,108.6,109.8,1539.81,1539.81,1463.05,1463.05,96.7,96.7,1077.7,1077.7,471.58,471.58,105.2,311.93,311.93,4436.98,4436.98,3644.32,3644.32,13284.62,13284.62,4.9,4.9,4.8,4.8,100,100,11795546504,11795546504,100.4,기타,100.4,99,99,1105.54,1105.54,19184.98,19184.98,1.080154759,1.080154759,100.9,100.9,99.3,99.3,5676.43,5676.43,98.7,98.7,106.2,452.77,452.77,108.4,104.4,2126.55,2126.55,5227.38,5227.38,0.977,0.977,97.6,97.6,97.6,97.6,2461.3,2461.3,327.29,327.29,3.68,3.68,5882.77,5882.77
3669.1,3669.1,3678.7,3678.7,6.316901155,-4.549503184,-26.58942166,-2.791241927,-2.028277274,1.372998447,-3.06870279,-2.79264508,-0.169750700,-896.116918,2018-06-01,2018-06-01,,1,174,174,109.3,109.9,105,106.4,98.6,98.6,120.47,120.47,100.6,100.6,95.8,95.8,97.1,97.1,103.8,101.1,101.1,105.6,105.2,481.59,481.59,103.5,871.59,871.59,104,101.4,101.4,100.5,100.5,104.3,106.2,108.1,110.3,4.89,4.89,17805.02,17805.02,98.4,98.4,1686.87,1686.87,106.2,1177.06,1177.06,106.3,106.3,106.8,105.2,105.2,108.3,312.88,312.88,109.3,107.5,104.13,104.13,108.7,3.7,3.7,107.3,1007.2,1007.2,108.6,109.8,1430.69,1430.69,1341.21,1341.21,95.8,95.8,1114.5,1114.5,459.65,459.65,105.2,320.42,320.42,4628.44,4628.44,3521.06,3521.06,13320.24,13320.24,4.9,4.9,4.8,4.8,100,100,11795546504,11795546504,100.2,기타,100.2,96.3,96.3,1090.73,1090.73,17805.32,17805.32,1.080154759,1.080154759,100.9,100.9,99,99,5389.21,5389.21,98.6,98.6,106.2,406.3,406.3,108.4,104.4,1933.03,1933.03,4875.56,4875.56,0.977,0.977,97.2,97.2,97.1,97.1,2394.51,2394.51,347.48,347.48,3.65,3.65,5792.04,5792.04
3669.1,3669.1,3678.7,3678.7,8.534174625,-2.1446652,-23.1481605,-0.628623725,0.661014050,4.454554725,-3.16870279,-2.892645080,-0.022072700,-896.096918,2018-07-01,2018-07-01,,1,175,175,109.3,109.9,105,106.4,98,98,120.04,120.04,100.5,100.5,95,95,96.7,96.7,103.8,101.3,101.3,105.6,105.2,475.12,475.12,103.5,855.53,855.53,104,101.5,101.5,100.5,100.5,104.3,106.2,108.1,110.3,5,5,17914.73,17914.73,98,98,1644.04,1644.04,106.2,1147.92,1147.92,111.9,111.9,106.8,105.6,105.6,108.3,298.93,298.93,109.3,107.5,103.93,103.93,108.7,3.7,3.7,107.3,1004.9,1004.9,108.6,109.8,1464.84,1464.84,1378.95,1378.95,94.8,94.8,1118.7,1118.7,431.65,431.65,105.2,329.31,329.31,4332.49,4332.49,3279.09,3279.09,12281.44,12281.44,4.9,4.9,4.8,4.8,99.8,99.8,11795546504,11795546504,100.1,기타,100.1,98.3,98.3,1099.88,1099.88,17783.86,17783.86,1.080154759,1.080154759,100.9,100.9,98.7,98.7,5323.39,5323.39,98.5,98.5,106.2,385.94,385.94,108.4,104.4,1810.88,1810.88,4898.49,4898.49,0.977,0.977,96.8,96.8,96.6,96.6,2284.25,2284.25,370.21,370.21,3.67,3.67,5675.43,5675.43
3669.1,3669.1,3678.7,3678.7,8.543223900,-2.733217920,-24.2308508,-0.918981260,0.572397880,5.36549886,-3.26870279,-2.99264508,-1.2613915,-896.136918,2018-08-01,2018-08-01,,1,176,176,109.3,109.9,105,106.4,97.5,97.5,121.21,121.21,100.5,100.5,93.9,93.9,96.1,96.1,103.8,101.5,101.5,105.6,105.2,468.03,468.03,103.5,876.74,876.74,104,101.7,101.7,100.6,100.6,104.3,106.2,108.1,110.3,5,5,17178.26,17178.26,97.6,97.6,1796.92,1796.92,106.2,1175.72,1175.72,127.5,127.5,106.8,106.5,106.5,108.3,327.5,327.5,109.3,107.5,104.85,104.85,108.7,4,4,107.3,1003,1003,108.6,109.8,1475.03,1475.03,1325.65,1325.65,93.7,93.7,1112.9,1112.9,429.76,429.76,105.2,316.5,316.5,4063.7,4063.7,3405.54,3405.54,13665.52,13665.52,4.9,4.9,4.8,4.8,99.5,99.5,11795546504,11795546504,100,기타,100,106.7,106.7,1011.3,1011.3,18317.4,18317.4,1.080154759,1.080154759,101.1,101.1,98.5,98.5,5449.32,5449.32,97.8,97.8,106.2,444,444,108.4,104.4,1849.16,1849.16,4877.01,4877.01,0.977,0.977,96.4,96.4,96,96,2283.8,2283.8,385.19,385.19,3.63,3.63,5625.06,5625.06
3669.1,3669.1,3678.7,3678.7,8.070047365,-3.931783472,-25.93595578,-1.523175041,0.277150058,6.693242201,-2.96870279,-2.692645080,-1.952103500,-896.156918,2018-09-01,2018-09-01,,1,177,177,109.3,109.9,105,106.4,97,97,125.98,125.98,101,101,93.1,93.1,95.5,95.5,103.8,102.2,102.2,105.6,105.2,491.16,491.16,103.5,925.36,925.36,104,102,102,100.6,100.6,104.3,106.2,108.1,110.3,5.03,5.03,18265.86,18265.86,97.3,97.3,1896.78,1896.78,106.2,1176.32,1176.32,126.2,126.2,106.8,108.4,108.4,108.3,320.06,320.06,109.3,107.5,105.65,105.65,108.7,3.6,3.6,107.3,977.7,977.7,108.6,109.8,1546.85,1546.85,1365.18,1365.18,92.9,92.9,1109.3,1109.3,452.2,452.2,105.2,325.61,325.61,4077.32,4077.32,3420.39,3420.39,14878.96,14878.96,4.9,4.9,4.8,4.8,99.4,99.4,11795546504,11795546504,100.3,기타,100.3,110,110,1010.99,1010.99,17394.1,17394.1,1.080154759,1.080154759,101.2,101.2,98.4,98.4,5393.59,5393.59,97.5,97.5,106.2,437.57,437.57,108.4,104.4,1915.34,1915.34,4713.97,4713.97,0.977,0.977,96.2,96.2,95.6,95.6,2307.33,2307.33,416.7,416.7,3.61,3.61,5600.71,5600.71
3669.1,3669.1,3678.7,3678.7,11.16389394,-0.618085632,-20.81796168,1.873476604,4.269155048,11.134920356,-2.868702790,-2.59264508,-1.616809400,-896.126918,2018-10-01,2018-10-01,,1,178,178,109.3,109.9,105,106.4,96.5,96.5,97.27,97.27,101.5,101.5,92.3,92.3,94.9,94.9,103.8,102.9,102.9,105.6,105.2,438.85,438.85,103.5,736.8,736.8,104,102.6,102.6,101.3,101.3,104.3,106.2,108.1,110.3,5.25,5.25,17269.98,17269.98,97,97,1495.08,1495.08,106.2,1017.88,1017.88,115.1,115.1,106.8,109.1,109.1,108.3,257.27,257.27,109.3,107.5,105.46,105.46,108.7,3.5,3.5,107.3,1006.5,1006.5,108.6,109.8,1294.28,1294.28,1234.62,1234.62,91.9,91.9,1139.6,1139.6,378.12,378.12,105.2,309.62,309.62,3665.33,3665.33,2545.36,2545.36,10867.84,10867.84,4.9,4.9,4.8,4.8,99.5,99.5,11795546504,11795546504,100.4,기타,100.4,103.5,103.5,919.84,919.84,15784.05,15784.05,1.080154759,1.080154759,101.4,101.4,98.4,98.4,4629.03,4629.03,97.3,97.3,106.2,351.07,351.07,108.4,104.4,1587.19,1587.19,3972.97,3972.97,0.977,0.977,95.9,95.9,94.9,94.9,2153.48,2153.48,387.57,387.57,3.64,3.64,4646.56,4646.56
3669.1,3669.1,3678.7,3678.7,12.574575365,0.666418128,-18.71957178,3.576629759,6.043767658,12.840989401,-2.868702790,-2.59264508,-0.688016900,-896.106918,2018-11-01,2018-11-01,,1,179,179,109.3,109.9,105,106.4,95.8,95.8,109.17,109.17,101.7,101.7,91.7,91.7,94.4,94.4,103.8,103.2,103.2,105.6,105.2,448.83,448.83,103.5,771.38,771.38,104,103,103,102,102,104.3,106.2,108.1,110.3,5.25,5.25,16711.13,16711.13,96.7,96.7,1674.1,1674.1,106.2,1127.99,1127.99,106.5,106.5,106.8,109.1,109.1,108.3,259.91,259.91,109.3,107.5,104.71,104.71,108.7,3.2,3.2,107.3,988.8,988.8,108.6,109.8,1336.19,1336.19,1333.94,1333.94,90.8,90.8,1121.2,1121.2,394.82,394.82,105.2,308.11,308.11,3961.63,3961.63,2462.3,2462.3,11381.22,11381.22,4.9,4.9,4.8,4.8,99.7,99.7,11795546504,11795546504,100.4,기타,100.4,96.1,96.1,981.8,981.8,15678.44,15678.44,1.080154759,1.080154759,101.7,101.7,98.3,98.3,4716.47,4716.47,97.1,97.1,106.2,351.57,351.57,108.4,104.4,1767.51,1767.51,4028.74,4028.74,0.977,0.977,95.6,95.6,94.4,94.4,2083.33,2083.33,418.78,418.78,3.66,3.66,4887.66,4887.66
3669.1,3669.1,3678.7,3678.7,12.840020765,0.302205008,-18.91182058,4.059475399,6.177693338,12.962017361,-3.06870279,-2.79264508,-0.442196500,-896.046918,2018-12-01,2018-12-01,,1,180,180,109.3,109.9,105,106.4,95.1,95.1,112.6,112.6,101.7,101.7,91,91,93.7,93.7,103.8,103.6,103.6,105.6,105.2,434.35,434.35,103.5,765.14,765.14,104,103.3,103.3,102.6,102.6,104.3,106.2,108.1,110.3,5.35,5.35,16303.29,16303.29,96.3,96.3,1661.05,1661.05,106.2,1080,1080,93.9,93.9,106.8,108.9,108.9,108.3,253.51,253.51,109.3,107.5,104.35,104.35,108.7,3.4,3.4,107.3,1008.9,1008.9,108.6,109.8,1420.4,1420.4,1341.29,1341.29,89.8,89.8,1115.7,1115.7,393.5,393.5,105.2,300.61,300.61,3960.01,3960.01,2133.84,2133.84,11626.69,11626.69,4.9,4.9,4.8,4.8,99.9,99.9,11795546504,11795546504,100.2,기타,100.2,90.7,90.7,1050.6,1050.6,14447.02,14447.02,1.080154759,1.080154759,101.9,101.9,98.2,98.2,4579.62,4579.62,96.9,96.9,106.2,357.66,357.66,108.4,104.4,1675.55,1675.55,4043.12,4043.12,0.977,0.977,95.2,95.2,93.8,93.8,2070.13,2070.13,397.99,397.99,3.72,3.72,4874.93,4874.93
3701.4,3701.4,3735.6,3735.6,14.29953319,-1.108008032,-20.73696268,3.277003154,5.071971148,11.787415806,-3.997483660,-4.18105104,-0.605973600,-896.258969,2019-01-01,2019-01-01,,1,181,181,111.4,110.2,106.3,107,94.6,94.6,121.54,121.54,101.5,101.5,90.4,90.4,93.1,93.1,104.8,103.7,103.7,107.5,106.5,451.09,451.09,105,848.14,848.14,104.6,103.4,103.4,102.9,102.9,105,107.4,109.9,112.2,5.5,5.5,16780.72,16780.72,96,96,1817.81,1817.81,107.5,1135.15,1135.15,91.8,91.8,108.2,108.5,108.5,109.8,267.78,267.78,110.6,108.7,104.24,104.24,111.2,4.5,4.5,108.7,1023,1023,110.7,111.6,1575.98,1575.98,1402.56,1402.56,88.9,88.9,1112.7,1112.7,411.92,411.92,106,293.77,293.77,4047.11,4047.11,2603.78,2603.78,11773.39,11773.39,5,5,4.9,4.9,99.8,99.8,,,99.9,기타,99.9,90,90,1107.88,1107.88,16947.32,16947.32,,,102,102,97.9,97.9,5087.28,5087.28,96.6,96.6,107.5,384.2,384.2,109.8,105.4,1833.75,1833.75,4450.89,4450.89,0.92,0.92,94.8,94.8,93.1,93.1,2101.98,2101.98,373.77,373.77,3.73,3.73,5142.43,5142.43
3701.4,3701.4,3735.6,3735.6,12.1232831,-4.260951680,-25.3997532,0.858097460,2.03428652,8.75547294,-4.29748366,-4.481051040,-1.463249100,-896.288969,2019-02-01,2019-02-01,,1,182,182,111.4,110.2,106.3,107,94.3,94.3,113.32,113.32,101.3,101.3,89.9,89.9,92.7,92.7,104.8,103.8,103.8,107.5,106.5,453.81,453.81,105,796.47,796.47,104.6,103.4,103.4,103,103,105,107.4,109.9,112.2,5.5,5.5,17463.2,17463.2,95.7,95.7,1747.23,1747.23,107.5,1146.03,1146.03,94.5,94.5,108.2,108.1,108.1,109.8,286.28,286.28,110.6,108.7,104.69,104.69,111.2,4.7,4.7,108.7,1015.5,1015.5,110.7,111.6,1546.37,1546.37,1435.11,1435.11,88.4,88.4,1124.7,1124.7,415.66,415.66,106,291.58,291.58,4014.01,4014.01,2497.98,2497.98,11473.64,11473.64,5,5,4.9,4.9,99.7,99.7,,,99.6,기타,99.6,92.7,92.7,1102.52,1102.52,16675.95,16675.95,,,102,102,97.7,97.7,5037.85,5037.85,96.4,96.4,107.5,390.02,390.02,109.8,105.4,1801.49,1801.49,4376.72,4376.72,0.92,0.92,94.5,94.5,92.7,92.7,2210.2,2210.2,375.12,375.12,3.7,3.7,5275.01,5275.01
3701.4,3701.4,3735.6,3735.6,13.094370855,-3.532531344,-23.94223006,1.792841093,2.955897966,9.529900227,-4.59748366,-4.781051040,-1.5155711,-896.328969,2019-03-01,2019-03-01,,1,183,183,111.4,110.2,106.3,107,93.8,93.8,111.53,111.53,101,101,89.5,89.5,92.2,92.2,104.8,103.8,103.8,107.5,106.5,442.16,442.16,105,753.79,753.79,104.6,103.3,103.3,103,103,105,107.4,109.9,112.2,5.5,5.5,17090.5,17090.5,95.4,95.4,1730.43,1730.43,107.5,1148.32,1148.32,93.5,93.5,108.2,107.7,107.7,109.8,312.5,312.5,110.6,108.7,104.49,104.49,111.2,4.3,4.3,108.7,1025.5,1025.5,110.7,111.6,1459.67,1459.67,1312.44,1312.44,87.8,87.8,1135.1,1135.1,420.2,420.2,106,293.58,293.58,4050.36,4050.36,2533.59,2533.59,10302.94,10302.94,5,5,4.9,4.9,99.6,99.6,,,99.3,기타,99.3,90.9,90.9,965.78,965.78,16593.43,16593.43,,,102,102,97.3,97.3,4902.15,4902.15,96.3,96.3,107.5,386.45,386.45,109.8,105.4,1789.45,1789.45,4213.82,4213.82,0.92,0.92,94.1,94.1,92.2,92.2,2161.91,2161.91,365.61,365.61,3.66,3.66,5110.77,5110.77
3701.4,3701.4,3735.6,3735.6,12.08467286,-5.509793408,-26.27360792,0.616956276,1.285715512,7.908777964,-4.997483660,-5.18105104,-2.3861593,-896.338969,2019-04-01,2019-04-01,,1,184,184,111.4,110.2,106.3,107,93.3,93.3,111.29,111.29,100.5,100.5,89.1,89.1,91.5,91.5,104.8,103.7,103.7,107.5,106.5,451.03,451.03,105,791.51,791.51,104.6,103.2,103.2,102.9,102.9,105,107.4,109.9,112.2,5.5,5.5,17160.48,17160.48,95,95,1691.35,1691.35,107.5,1159.85,1159.85,92.1,92.1,108.2,107.3,107.3,109.8,318.99,318.99,110.6,108.7,104.87,104.87,111.2,4.4,4.4,108.7,1048.8,1048.8,110.7,111.6,1633.45,1633.45,1487.28,1487.28,87.2,87.2,1168.2,1168.2,424.29,424.29,106,295.79,295.79,3991.86,3991.86,2901.13,2901.13,11127.72,11127.72,5,5,4.9,4.9,99.5,99.5,,,98.9,기타,98.9,87.7,87.7,929.36,929.36,17173.67,17173.67,,,102.1,102.1,96.9,96.9,5097.73,5097.73,96.1,96.1,107.5,397.01,397.01,109.8,105.4,1877.8,1877.8,4246.97,4246.97,0.92,0.92,93.6,93.6,91.4,91.4,2212.12,2212.12,356.33,356.33,3.65,3.65,5133.95,5133.95
3701.4,3701.4,3735.6,3735.6,14.60278445,-2.92439696,-21.9568954,3.20013287,4.153455940,10.75416593,-5.29748366,-5.481051040,-2.909069500,-896.368969,2019-05-01,2019-05-01,,1,185,185,111.4,110.2,106.3,107,92.6,92.6,108.39,108.39,100.1,100.1,88.6,88.6,90.9,90.9,104.8,103.6,103.6,107.5,106.5,427.92,427.92,105,737.95,737.95,104.6,103.1,103.1,103.1,103.1,105,107.4,109.9,112.2,5.5,5.5,15579.44,15579.44,94.6,94.6,1651.96,1651.96,107.5,1091.96,1091.96,98.6,98.6,108.2,107.1,107.1,109.8,292.8,292.8,110.6,108.7,105.05,105.05,111.2,4,4,108.7,1093.3,1093.3,110.7,111.6,1520.04,1520.04,1447.12,1447.12,86.7,86.7,1190.9,1190.9,377.7,377.7,106,289.39,289.39,3645.13,3645.13,2494.93,2494.93,9951.76,9951.76,5,5,4.9,4.9,99.4,99.4,,,98.6,기타,98.6,91.3,91.3,851.31,851.31,15669.14,15669.14,,,102,102,96.5,96.5,4670.68,4670.68,96,96,107.5,381.55,381.55,109.8,105.4,1808.1,1808.1,3969.08,3969.08,0.92,0.92,93.3,93.3,90.8,90.8,2086.9,2086.9,358.04,358.04,3.62,3.62,4669.26,4669.26
3701.4,3701.4,3735.6,3735.6,14.23276965,-3.89246352,-23.1646698,2.80586319,3.387983780,10.20667241,-5.59748366,-5.781051040,-2.998543200,-896.498969,2019-06-01,2019-06-01,,1,186,186,111.4,110.2,106.3,107,92,92,113.78,113.78,99.8,99.8,88.1,88.1,90.4,90.4,104.8,103.5,103.5,107.5,106.5,438.51,438.51,105,765.3,765.3,104.6,103,103,103.5,103.5,105,107.4,109.9,112.2,5.5,5.5,15468.15,15468.15,94.3,94.3,1699.23,1699.23,107.5,1112.03,1112.03,111.2,111.2,108.2,107,107,109.8,298.43,298.43,110.6,108.7,104.88,104.88,111.2,4,4,108.7,1072.2,1072.2,110.7,111.6,1621.48,1621.48,1363.13,1363.13,86.3,86.3,1154.7,1154.7,388,388,106,293.51,293.51,3740.9,3740.9,2743.19,2743.19,10349.47,10349.47,5,5,4.9,4.9,99.4,99.4,,,98.3,기타,98.3,97.9,97.9,844.46,844.46,17071.05,17071.05,,,102,102,96.1,96.1,4945.3,4945.3,95.9,95.9,107.5,391.83,391.83,109.8,105.4,1969.14,1969.14,4145.27,4145.27,0.92,0.92,93,93,90.1,90.1,2105.3,2105.3,368.47,368.47,3.49,3.49,4733.17,4733.17
3701.4,3701.4,3735.6,3735.6,14.75199694,-3.635644032,-22.77147768,3.359126404,3.841162648,10.934622556,-5.79748366,-5.981051040,-2.802258400,-896.588969,2019-07-01,2019-07-01,,1,187,187,111.4,110.2,106.3,107,91.3,91.3,98.33,98.33,99.6,99.6,87.5,87.5,90,90,104.8,103.3,103.3,107.5,106.5,407.35,407.35,105,716.77,716.77,104.6,102.8,102.8,103.8,103.8,105,107.4,109.9,112.2,5.5,5.5,14388.27,14388.27,93.9,93.9,1506.53,1506.53,107.5,1106.7,1106.7,119.4,119.4,108.2,107.1,107.1,109.8,285.99,285.99,110.6,108.7,104.56,104.56,111.2,3.9,3.9,108.7,1090.2,1090.2,110.7,111.6,1538.98,1538.98,1283.44,1283.44,85.9,85.9,1183.1,1183.1,353.53,353.53,106,274.7,274.7,3450.11,3450.11,2514.59,2514.59,8937.99,8937.99,5,5,4.9,4.9,99.4,99.4,,,98.1,기타,98.1,101.7,101.7,901.27,901.27,16689.78,16689.78,,,101.9,101.9,95.7,95.7,4710.39,4710.39,95.5,95.5,107.5,343.65,343.65,109.8,105.4,1803.42,1803.42,3815.12,3815.12,0.92,0.92,92.7,92.7,89.5,89.5,2079.48,2079.48,350.47,350.47,3.4,3.4,4525.94,4525.94
3701.4,3701.4,3735.6,3735.6,17.47160572,-0.695354816,-18.16933584,5.957008552,7.162383024,14.323699928,-5.89748366,-6.081051040,-3.211855900,-896.798969,2019-08-01,2019-08-01,,1,188,188,111.4,110.2,106.3,107,90.5,90.5,94.16,94.16,99.6,99.6,86.9,86.9,89.5,89.5,104.8,103.2,103.2,107.5,106.5,379.8,379.8,105,709.21,709.21,104.6,102.7,102.7,104.8,104.8,105,107.4,109.9,112.2,5.25,5.25,12879.06,12879.06,93.7,93.7,1543,1543,107.5,1118.23,1118.23,118.2,118.2,108.2,107.2,107.2,109.8,266.49,266.49,110.6,108.7,104.81,104.81,111.2,3,3,108.7,1139,1139,110.7,111.6,1567.97,1567.97,1290.76,1290.76,85.7,85.7,1211.2,1211.2,341.96,341.96,106,259.04,259.04,3251.38,3251.38,2581.63,2581.63,8538.84,8538.84,5,5,4.9,4.9,99.1,99.1,,,98,기타,98,103.5,103.5,827.5,827.5,16277.85,16277.85,,,101.9,101.9,95.3,95.3,4606.33,4606.33,95.1,95.1,107.5,364.67,364.67,109.8,105.4,1721.07,1721.07,3638.72,3638.72,0.92,0.92,92.5,92.5,89,89,1944.24,1944.24,342.16,342.16,3.19,3.19,4369.96,4369.96
3701.4,3701.4,3735.6,3735.6,15.441149505,-3.663870064,-22.55324786,3.993453683,4.508104546,12.068079237,-5.997483660,-6.18105104,-3.794828000,-896.678969,2019-09-01,2019-09-01,,1,189,189,111.4,110.2,106.3,107,89.8,89.8,100.16,100.16,99.7,99.7,86.4,86.4,89.1,89.1,104.8,103.1,103.1,107.5,106.5,391.95,391.95,105,744.99,744.99,104.6,102.7,102.7,106.1,106.1,105,107.4,109.9,112.2,5.15,5.15,13150.57,13150.57,93.4,93.4,1522.35,1522.35,107.5,1138.31,1138.31,122.5,122.5,108.2,107.4,107.4,109.8,285.42,285.42,110.6,108.7,105.2,105.2,111.2,3.1,3.1,108.7,1109.5,1109.5,110.7,111.6,1643.24,1643.24,1265.6,1265.6,85.5,85.5,1196.2,1196.2,349.36,349.36,106,275.5,275.5,3453.54,3453.54,2580.41,2580.41,8978.69,8978.69,5,5,4.9,4.9,99.3,99.3,,,97.9,기타,97.9,108.4,108.4,837.46,837.46,17780.19,17780.19,,,101.9,101.9,94.8,94.8,4896.77,4896.77,94.6,94.6,107.5,348.74,348.74,109.8,105.4,1767.69,1767.69,3778.3,3778.3,0.92,0.92,92.3,92.3,88.7,88.7,2045.21,2045.21,347.23,347.23,3.31,3.31,4461.52,4461.52
3701.4,3701.4,3735.6,3735.6,15.028100375,-4.486374800,-23.7433395,3.653328725,4.08849595,12.268540275,-5.89748366,-6.081051040,-4.0168094,-896.788969,2019-10-01,2019-10-01,,1,190,190,111.4,110.2,106.3,107,89.4,89.4,93.38,93.38,99.9,99.9,86,86,88.8,88.8,104.8,103,103,107.5,106.5,390.7,390.7,105,698.16,698.16,104.6,102.8,102.8,107.7,107.7,105,107.4,109.9,112.2,4.99,4.99,12886.06,12886.06,93.1,93.1,1507.52,1507.52,107.5,1166.28,1166.28,130.6,130.6,108.2,108.1,108.1,109.8,282.12,282.12,110.6,108.7,105.46,105.46,111.2,3,3,108.7,1070.5,1070.5,110.7,111.6,1533.29,1533.29,1280.08,1280.08,85.7,85.7,1163.4,1163.4,350.33,350.33,106,246.57,246.57,3410.15,3410.15,2528.62,2528.62,10792.64,10792.64,5,5,4.9,4.9,99.4,99.4,,,98,기타,98,112.7,112.7,825.45,825.45,18208.01,18208.01,,,102,102,94.6,94.6,4971.85,4971.85,94.2,94.2,107.5,338.47,338.47,109.8,105.4,1678.24,1678.24,3508.32,3508.32,0.92,0.92,92.2,92.2,88.3,88.3,2065.75,2065.75,339.66,339.66,3.2,3.2,4559.73,4559.73
3701.4,3701.4,3735.6,3735.6,13.760397495,-6.390011536,-26.36823614,2.502526517,2.693747854,11.435388563,-5.69748366,-5.88105104,-3.0861593,-896.808969,2019-11-01,2019-11-01,,1,191,191,111.4,110.2,106.3,107,89.2,89.2,91.72,91.72,100.2,100.2,85.8,85.8,88.5,88.5,104.8,103.1,103.1,107.5,106.5,401.5,401.5,105,673.26,673.26,104.6,103,103,109.3,109.3,105,107.4,109.9,112.2,4.75,4.75,13464.64,13464.64,93.2,93.2,1468.46,1468.46,107.5,1176.93,1176.93,129.7,129.7,108.2,108.8,108.8,109.8,287.74,287.74,110.6,108.7,104.87,104.87,111.2,3.1,3.1,108.7,1078.8,1078.8,110.7,111.6,1532.82,1532.82,1298.96,1298.96,86,86,1181.2,1181.2,355.86,355.86,106,245.59,245.59,3431.14,3431.14,2307.66,2307.66,10229.68,10229.68,5,5,4.9,4.9,99.6,99.6,,,98.2,기타,98.2,114.4,114.4,878.3,878.3,18186.96,18186.96,,,102,102,94.3,94.3,4930.53,4930.53,93.7,93.7,107.5,330.44,330.44,109.8,105.4,1709.26,1709.26,3605.86,3605.86,0.92,0.92,92.1,92.1,88,88,2128.79,2128.79,348.64,348.64,3.18,3.18,4479.44,4479.44
3701.4,3701.4,3735.6,3735.6,13.394002405,-7.153499184,-26.96908666,2.612113823,2.732829226,12.292272697,-5.19748366,-5.38105104,-2.895756800,-896.768969,2019-12-01,2019-12-01,,1,192,192,111.4,110.2,106.3,107,88.8,88.8,94.07,94.07,100.9,100.9,85.9,85.9,88.2,88.2,104.8,103.1,103.1,107.5,106.5,409.49,409.49,105,701.59,701.59,104.6,103.2,103.2,110.8,110.8,105,107.4,109.9,112.2,4.75,4.75,13698.26,13698.26,93.7,93.7,1489.51,1489.51,107.5,1219.07,1219.07,125.6,125.6,108.2,110.1,110.1,109.8,289.14,289.14,110.6,108.7,105.12,105.12,111.2,3.4,3.4,108.7,1059.8,1059.8,110.7,111.6,1559.12,1559.12,1330.05,1330.05,86.5,86.5,1156.4,1156.4,369.33,369.33,106,246.62,246.62,3480.12,3480.12,2460.99,2460.99,11031,11031,5,5,4.9,4.9,100.1,100.1,,,98.7,기타,98.7,114.3,114.3,876.02,876.02,20207.86,20207.86,,,102,102,94.1,94.1,5273.05,5273.05,93.4,93.4,107.5,330.11,330.11,109.8,105.4,1739.59,1739.59,3693.15,3693.15,0.92,0.92,92.2,92.2,87.9,87.9,2147.01,2147.01,345.69,345.69,3.22,3.22,4591.69,4591.69
,,,,,-8.888988096,-29.03972304,1.602948712,1.705296944,11.419878168,,,-3.325478100,-896.99102,2020-01-01,2020-01-01,,1,193,193,,,,,88.6,88.6,86.48,86.48,101.6,101.6,86,86,87.9,87.9,,103.2,103.2,,,372.14,372.14,,649.76,649.76,,103.7,103.7,112.6,112.6,,,,,4.75,4.75,12249.88,12249.88,93.9,93.9,1408.72,1408.72,,1202.74,1202.74,116.5,116.5,,110.6,110.6,,259.04,259.04,,,105.79,105.79,,4.1,4.1,,1093.1,1093.1,,,1470.53,1470.53,1250.76,1250.76,86.9,86.9,1191.8,1191.8,350.09,350.09,,224.73,224.73,3295.05,3295.05,2201.92,2201.92,10902.3,10902.3,,,,,100.3,100.3,,,99.1,기타,99.1,113,113,794.12,794.12,20403.97,20403.97,,,102,102,94.1,94.1,5160.22,5160.22,93.1,93.1,,352.95,352.95,,,1596.21,1596.21,3395.63,3395.63,,,92.2,92.2,87.9,87.9,2203.44,2203.44,329.3,329.3,3.22,3.22,4267.39,4267.39
,,,,,-8.165065408,-27.54263792,2.981202776,3.124098512,12.503191464,,,-2.837862000,-896.99102,2020-02-01,2020-02-01,,1,194,194,,,,,88.5,88.5,78.51,78.51,102.7,102.7,86.1,86.1,87.7,87.7,,103.3,103.3,,,334.07,334.07,,608.82,608.82,,104,104,114.2,114.2,,,,,4.75,4.75,11085.54,11085.54,93.9,93.9,1340.51,1340.51,,1129.52,1129.52,120.1,120.1,,110.8,110.8,,232.81,232.81,,,105.8,105.8,,4.1,4.1,,1114.8,1114.8,,,1330.18,1330.18,1226.31,1226.31,87.3,87.3,1213.7,1213.7,324.4,324.4,,198.91,198.91,3178.68,3178.68,1916.99,1916.99,10565.78,10565.78,,,,,100.9,100.9,,,99.6,기타,99.6,115.9,115.9,678.05,678.05,19573.08,19573.08,,,102.1,102.1,94.1,94.1,4893.83,4893.83,92.9,92.9,,320.97,320.97,,,1467.8,1467.8,3147.69,3147.69,,,92.3,92.3,87.9,87.9,2167.12,2167.12,310.52,310.52,3.22,3.22,4037.85,4037.85
